#canal	cuentas
1	6166
2	8108
3	10047
4	12511
5	22764
6	318247
7	337625
8	23440
9	3088
10	1749
11	1575
12	1614
13	1498
14	1443
15	1387
16	1389
17	1379
18	1379
19	1290
20	1251
21	1213
22	1153
23	1193
24	1179
25	1120
26	1166
27	1076
28	1039
29	1078
30	1081
31	1062
32	974
33	1015
34	1039
35	1031
36	956
37	986
38	951
39	987
40	951
41	947
42	909
43	976
44	1089
45	1034
46	1160
47	1112
48	1073
49	1079
50	1199
51	1130
52	1207
53	1237
54	1185
55	1279
56	1254
57	1285
58	1249
59	1188
60	1114
61	1141
62	1179
63	1099
64	1086
65	1049
66	1108
67	1043
68	1051
69	1034
70	992
71	914
72	949
73	977
74	903
75	947
76	902
77	882
78	888
79	914
80	860
81	812
82	853
83	854
84	841
85	868
86	809
87	802
88	840
89	798
90	801
91	814
92	823
93	845
94	777
95	784
96	779
97	816
98	765
99	784
100	831
101	932
102	1015
103	1122
104	995
105	851
106	739
107	744
108	746
109	727
110	695
111	738
112	708
113	708
114	810
115	825
116	832
117	769
118	793
119	747
120	726
121	693
122	710
123	721
124	678
125	707
126	690
127	667
128	737
129	679
130	737
131	720
132	731
133	707
134	716
135	741
136	723
137	727
138	721
139	690
140	698
141	713
142	675
143	674
144	686
145	690
146	736
147	704
148	676
149	718
150	713
151	718
152	701
153	661
154	688
155	678
156	648
157	661
158	690
159	670
160	698
161	678
162	654
163	645
164	687
165	660
166	657
167	669
168	682
169	713
170	685
171	644
172	666
173	714
174	670
175	722
176	661
177	608
178	676
179	704
180	681
181	663
182	721
183	703
184	674
185	629
186	637
187	693
188	709
189	671
190	708
191	680
192	730
193	660
194	663
195	733
196	692
197	737
198	764
199	755
200	692
201	691
202	675
203	704
204	673
205	641
206	701
207	682
208	651
209	692
210	718
211	672
212	663
213	731
214	675
215	684
216	704
217	639
218	607
219	696
220	679
221	660
222	658
223	660
224	680
225	698
226	714
227	694
228	685
229	702
230	688
231	670
232	660
233	708
234	647
235	672
236	650
237	656
238	670
239	708
240	621
241	661
242	674
243	725
244	655
245	700
246	669
247	713
248	674
249	660
250	690
251	687
252	648
253	731
254	740
255	660
256	715
257	668
258	680
259	707
260	703
261	708
262	694
263	671
264	711
265	660
266	706
267	763
268	768
269	787
270	698
271	715
272	689
273	699
274	696
275	752
276	711
277	690
278	717
279	741
280	723
281	715
282	724
283	710
284	736
285	727
286	702
287	720
288	695
289	705
290	744
291	749
292	754
293	745
294	733
295	778
296	779
297	759
298	722
299	751
300	747
301	765
302	794
303	717
304	736
305	714
306	730
307	792
308	811
309	769
310	824
311	795
312	780
313	724
314	776
315	792
316	912
317	888
318	932
319	800
320	815
321	767
322	809
323	762
324	852
325	856
326	873
327	881
328	890
329	835
330	830
331	797
332	857
333	808
334	831
335	852
336	883
337	820
338	825
339	857
340	836
341	852
342	895
343	907
344	880
345	911
346	793
347	819
348	803
349	867
350	890
351	868
352	880
353	818
354	935
355	897
356	861
357	907
358	883
359	885
360	877
361	873
362	874
363	842
364	862
365	928
366	899
367	920
368	904
369	936
370	904
371	963
372	935
373	935
374	828
375	951
376	916
377	892
378	990
379	955
380	958
381	918
382	966
383	990
384	931
385	942
386	892
387	953
388	918
389	989
390	1038
391	1068
392	1064
393	1103
394	1075
395	1044
396	996
397	1060
398	950
399	973
400	971
401	999
402	1016
403	1078
404	1057
405	941
406	987
407	995
408	890
409	1009
410	1005
411	1024
412	1073
413	1020
414	990
415	989
416	1016
417	1066
418	1004
419	1054
420	1061
421	1005
422	1086
423	1065
424	1050
425	1104
426	1041
427	1046
428	1030
429	1086
430	1102
431	1126
432	1094
433	1120
434	1063
435	1085
436	1004
437	1072
438	1107
439	1100
440	1163
441	1117
442	1166
443	1099
444	1074
445	1098
446	1143
447	1127
448	1139
449	1147
450	1140
451	1219
452	1161
453	1109
454	1161
455	1103
456	1123
457	1131
458	1101
459	1179
460	1157
461	1154
462	1099
463	1207
464	1102
465	1137
466	1149
467	1131
468	1146
469	1202
470	1225
471	1173
472	1112
473	1177
474	1177
475	1169
476	1123
477	1098
478	1220
479	1207
480	1211
481	1177
482	1213
483	1221
484	1130
485	1187
486	1176
487	1184
488	1241
489	1199
490	1198
491	1228
492	1239
493	1194
494	1183
495	1202
496	1205
497	1158
498	1253
499	1213
500	1189
501	1194
502	1154
503	1241
504	1233
505	1191
506	1220
507	1209
508	1246
509	1186
510	1280
511	1270
512	1198
513	1265
514	1260
515	1184
516	1265
517	1245
518	1193
519	1201
520	1229
521	1224
522	1159
523	1217
524	1226
525	1233
526	1239
527	1196
528	1190
529	1286
530	1281
531	1258
532	1233
533	1208
534	1301
535	1240
536	1226
537	1222
538	1197
539	1273
540	1251
541	1229
542	1254
543	1243
544	1181
545	1234
546	1265
547	1165
548	1334
549	1202
550	1293
551	1144
552	1305
553	1210
554	1209
555	1162
556	1239
557	1251
558	1226
559	1277
560	1218
561	1229
562	1243
563	1266
564	1212
565	1286
566	1181
567	1332
568	1246
569	1210
570	1208
571	1241
572	1208
573	1190
574	1176
575	1243
576	1257
577	1211
578	1294
579	1272
580	1223
581	1210
582	1196
583	1253
584	1250
585	1223
586	1226
587	1228
588	1237
589	1196
590	1244
591	1195
592	1252
593	1247
594	1198
595	1197
596	1192
597	1192
598	1201
599	1187
600	1218
601	1125
602	1210
603	1177
604	1170
605	1211
606	1166
607	1216
608	1222
609	1211
610	1274
611	1277
612	1211
613	1254
614	1172
615	1227
616	1245
617	1255
618	1209
619	1160
620	1205
621	1157
622	1167
623	1226
624	1160
625	1156
626	1190
627	1247
628	1234
629	1236
630	1187
631	1189
632	1164
633	1198
634	1158
635	1199
636	1166
637	1235
638	1199
639	1161
640	1163
641	1148
642	1237
643	1157
644	1141
645	1117
646	1173
647	1209
648	1194
649	1194
650	1214
651	1215
652	1185
653	1148
654	1190
655	1119
656	1152
657	1188
658	1166
659	1130
660	1159
661	1167
662	1175
663	1171
664	1120
665	1146
666	1182
667	1153
668	1171
669	1180
670	1132
671	1121
672	1106
673	1098
674	1124
675	1200
676	1160
677	1208
678	1136
679	1110
680	1194
681	1113
682	1139
683	1195
684	1145
685	1136
686	1116
687	1115
688	1115
689	1127
690	1117
691	1108
692	1097
693	1157
694	1061
695	1156
696	1182
697	1117
698	1132
699	1081
700	1086
701	1123
702	1110
703	1198
704	1069
705	1093
706	1113
707	1066
708	1134
709	1102
710	1138
711	1030
712	1023
713	1110
714	1102
715	1132
716	1140
717	1108
718	1067
719	1074
720	1079
721	1026
722	1059
723	1063
724	1075
725	1093
726	1038
727	1049
728	1064
729	1099
730	1099
731	1077
732	1020
733	1088
734	1052
735	1106
736	1082
737	1081
738	1029
739	1104
740	1040
741	1094
742	1058
743	1053
744	1026
745	1031
746	1054
747	1079
748	1023
749	1025
750	1064
751	1036
752	1031
753	1033
754	1058
755	994
756	1013
757	1022
758	1015
759	1046
760	1052
761	1115
762	1096
763	1046
764	1027
765	1000
766	1037
767	1022
768	1040
769	1062
770	1044
771	1003
772	1054
773	966
774	1009
775	975
776	1035
777	1010
778	1011
779	1016
780	1019
781	1019
782	1033
783	993
784	1009
785	1048
786	1113
787	1095
788	1087
789	1080
790	977
791	953
792	940
793	955
794	1004
795	997
796	933
797	989
798	956
799	953
800	933
801	946
802	933
803	970
804	986
805	951
806	898
807	943
808	931
809	986
810	924
811	921
812	938
813	982
814	1010
815	909
816	917
817	932
818	946
819	916
820	926
821	943
822	928
823	952
824	953
825	887
826	914
827	944
828	948
829	898
830	972
831	858
832	910
833	945
834	900
835	960
836	929
837	887
838	879
839	916
840	927
841	867
842	991
843	914
844	846
845	857
846	897
847	884
848	933
849	893
850	900
851	849
852	893
853	902
854	892
855	896
856	860
857	874
858	897
859	887
860	891
861	904
862	873
863	858
864	832
865	880
866	893
867	868
868	819
869	908
870	891
871	877
872	832
873	781
874	814
875	858
876	856
877	846
878	844
879	855
880	848
881	848
882	828
883	895
884	872
885	841
886	923
887	868
888	865
889	819
890	883
891	860
892	879
893	847
894	835
895	906
896	871
897	850
898	822
899	870
900	864
901	847
902	821
903	840
904	820
905	797
906	815
907	821
908	797
909	837
910	861
911	834
912	753
913	811
914	841
915	841
916	814
917	802
918	762
919	813
920	849
921	790
922	830
923	817
924	772
925	816
926	834
927	779
928	784
929	757
930	769
931	788
932	720
933	792
934	789
935	751
936	811
937	808
938	779
939	792
940	747
941	776
942	743
943	751
944	796
945	771
946	756
947	792
948	806
949	745
950	727
951	767
952	705
953	834
954	758
955	743
956	753
957	740
958	755
959	774
960	692
961	755
962	728
963	772
964	731
965	716
966	797
967	707
968	779
969	731
970	700
971	752
972	694
973	738
974	763
975	732
976	736
977	687
978	793
979	714
980	726
981	716
982	695
983	713
984	705
985	724
986	750
987	661
988	786
989	683
990	699
991	742
992	700
993	710
994	709
995	690
996	720
997	722
998	653
999	713
1000	710
1001	699
1002	699
1003	697
1004	667
1005	701
1006	690
1007	696
1008	828
1009	902
1010	910
1011	868
1012	798
1013	685
1014	693
1015	657
1016	615
1017	724
1018	596
1019	653
1020	703
1021	652
1022	717
1023	664
1024	695
1025	729
1026	695
1027	687
1028	659
1029	681
1030	702
1031	684
1032	653
1033	661
1034	638
1035	698
1036	700
1037	624
1038	632
1039	697
1040	658
1041	658
1042	677
1043	639
1044	617
1045	629
1046	600
1047	645
1048	620
1049	585
1050	663
1051	642
1052	602
1053	655
1054	637
1055	647
1056	648
1057	633
1058	603
1059	599
1060	602
1061	639
1062	612
1063	607
1064	662
1065	628
1066	605
1067	555
1068	623
1069	559
1070	591
1071	582
1072	646
1073	615
1074	609
1075	651
1076	542
1077	609
1078	591
1079	626
1080	647
1081	647
1082	577
1083	561
1084	614
1085	622
1086	584
1087	616
1088	577
1089	625
1090	610
1091	598
1092	585
1093	589
1094	601
1095	614
1096	600
1097	573
1098	588
1099	596
1100	598
1101	567
1102	586
1103	594
1104	596
1105	555
1106	582
1107	552
1108	542
1109	583
1110	561
1111	605
1112	599
1113	567
1114	570
1115	570
1116	546
1117	574
1118	550
1119	597
1120	591
1121	542
1122	583
1123	588
1124	546
1125	603
1126	588
1127	549
1128	563
1129	590
1130	543
1131	498
1132	548
1133	561
1134	606
1135	581
1136	565
1137	556
1138	551
1139	576
1140	547
1141	560
1142	512
1143	577
1144	551
1145	544
1146	526
1147	530
1148	520
1149	529
1150	555
1151	576
1152	513
1153	529
1154	535
1155	514
1156	547
1157	512
1158	547
1159	496
1160	520
1161	546
1162	516
1163	526
1164	526
1165	544
1166	553
1167	507
1168	514
1169	562
1170	570
1171	486
1172	524
1173	506
1174	528
1175	536
1176	514
1177	508
1178	513
1179	510
1180	496
1181	565
1182	493
1183	511
1184	507
1185	509
1186	503
1187	553
1188	501
1189	515
1190	472
1191	518
1192	522
1193	519
1194	505
1195	479
1196	535
1197	498
1198	466
1199	486
1200	501
1201	512
1202	518
1203	476
1204	504
1205	460
1206	481
1207	522
1208	482
1209	475
1210	504
1211	463
1212	466
1213	475
1214	465
1215	469
1216	508
1217	478
1218	486
1219	497
1220	484
1221	518
1222	523
1223	470
1224	432
1225	463
1226	449
1227	477
1228	468
1229	491
1230	466
1231	487
1232	488
1233	486
1234	453
1235	472
1236	472
1237	510
1238	492
1239	451
1240	484
1241	468
1242	432
1243	473
1244	475
1245	465
1246	482
1247	546
1248	503
1249	538
1250	534
1251	511
1252	520
1253	510
1254	420
1255	498
1256	463
1257	452
1258	452
1259	447
1260	443
1261	464
1262	468
1263	423
1264	425
1265	462
1266	475
1267	493
1268	496
1269	447
1270	461
1271	462
1272	451
1273	485
1274	436
1275	445
1276	461
1277	450
1278	464
1279	446
1280	472
1281	468
1282	486
1283	446
1284	459
1285	455
1286	446
1287	449
1288	408
1289	440
1290	435
1291	487
1292	413
1293	423
1294	461
1295	439
1296	451
1297	455
1298	451
1299	467
1300	406
1301	414
1302	456
1303	447
1304	438
1305	438
1306	442
1307	410
1308	422
1309	419
1310	426
1311	467
1312	423
1313	402
1314	403
1315	412
1316	429
1317	395
1318	440
1319	445
1320	448
1321	426
1322	390
1323	375
1324	402
1325	382
1326	444
1327	427
1328	433
1329	450
1330	463
1331	401
1332	412
1333	415
1334	441
1335	416
1336	414
1337	403
1338	418
1339	460
1340	428
1341	417
1342	399
1343	428
1344	379
1345	409
1346	409
1347	446
1348	417
1349	432
1350	430
1351	448
1352	413
1353	408
1354	423
1355	419
1356	395
1357	385
1358	391
1359	411
1360	420
1361	437
1362	415
1363	399
1364	374
1365	422
1366	422
1367	398
1368	426
1369	377
1370	392
1371	396
1372	394
1373	399
1374	382
1375	376
1376	383
1377	386
1378	396
1379	387
1380	394
1381	363
1382	419
1383	405
1384	367
1385	387
1386	386
1387	392
1388	369
1389	437
1390	376
1391	410
1392	407
1393	415
1394	345
1395	374
1396	391
1397	359
1398	393
1399	410
1400	381
1401	405
1402	363
1403	400
1404	382
1405	357
1406	349
1407	425
1408	395
1409	388
1410	384
1411	343
1412	404
1413	338
1414	379
1415	358
1416	369
1417	349
1418	399
1419	339
1420	392
1421	372
1422	349
1423	410
1424	409
1425	379
1426	367
1427	406
1428	395
1429	377
1430	400
1431	375
1432	403
1433	416
1434	362
1435	360
1436	372
1437	370
1438	347
1439	345
1440	344
1441	386
1442	337
1443	402
1444	353
1445	366
1446	394
1447	374
1448	366
1449	369
1450	369
1451	340
1452	336
1453	352
1454	359
1455	362
1456	324
1457	353
1458	356
1459	370
1460	325
1461	358
1462	329
1463	364
1464	329
1465	365
1466	376
1467	337
1468	361
1469	315
1470	355
1471	340
1472	347
1473	374
1474	331
1475	368
1476	304
1477	379
1478	371
1479	392
1480	377
1481	314
1482	318
1483	352
1484	355
1485	322
1486	396
1487	401
1488	440
1489	454
1490	452
1491	465
1492	387
1493	353
1494	355
1495	332
1496	314
1497	312
1498	344
1499	358
1500	375
1501	314
1502	332
1503	362
1504	367
1505	366
1506	342
1507	351
1508	351
1509	323
1510	327
1511	335
1512	318
1513	338
1514	313
1515	341
1516	329
1517	347
1518	322
1519	307
1520	350
1521	334
1522	301
1523	314
1524	333
1525	370
1526	342
1527	309
1528	323
1529	321
1530	355
1531	326
1532	338
1533	319
1534	327
1535	302
1536	339
1537	312
1538	361
1539	311
1540	333
1541	303
1542	290
1543	318
1544	310
1545	294
1546	304
1547	338
1548	315
1549	293
1550	301
1551	345
1552	311
1553	321
1554	278
1555	302
1556	330
1557	348
1558	321
1559	287
1560	297
1561	312
1562	321
1563	325
1564	327
1565	300
1566	322
1567	324
1568	311
1569	292
1570	285
1571	291
1572	328
1573	341
1574	338
1575	300
1576	289
1577	292
1578	292
1579	300
1580	299
1581	291
1582	290
1583	342
1584	323
1585	298
1586	316
1587	270
1588	322
1589	317
1590	291
1591	297
1592	318
1593	317
1594	330
1595	285
1596	282
1597	326
1598	290
1599	281
1600	316
1601	305
1602	290
1603	317
1604	287
1605	306
1606	284
1607	315
1608	260
1609	285
1610	270
1611	283
1612	302
1613	295
1614	294
1615	314
1616	305
1617	294
1618	300
1619	299
1620	291
1621	274
1622	302
1623	290
1624	291
1625	277
1626	286
1627	291
1628	275
1629	258
1630	275
1631	286
1632	295
1633	278
1634	310
1635	260
1636	263
1637	233
1638	263
1639	303
1640	282
1641	239
1642	315
1643	257
1644	328
1645	298
1646	264
1647	309
1648	251
1649	265
1650	301
1651	276
1652	267
1653	269
1654	275
1655	255
1656	262
1657	290
1658	271
1659	305
1660	233
1661	283
1662	242
1663	286
1664	283
1665	257
1666	280
1667	277
1668	260
1669	261
1670	309
1671	234
1672	254
1673	255
1674	273
1675	252
1676	288
1677	252
1678	262
1679	299
1680	279
1681	268
1682	295
1683	272
1684	241
1685	281
1686	261
1687	278
1688	252
1689	247
1690	256
1691	264
1692	267
1693	270
1694	271
1695	264
1696	251
1697	253
1698	250
1699	271
1700	293
1701	274
1702	275
1703	234
1704	260
1705	240
1706	263
1707	258
1708	289
1709	270
1710	247
1711	253
1712	255
1713	288
1714	273
1715	252
1716	277
1717	226
1718	262
1719	255
1720	272
1721	252
1722	251
1723	291
1724	254
1725	245
1726	268
1727	261
1728	253
1729	272
1730	268
1731	300
1732	256
1733	271
1734	252
1735	250
1736	265
1737	247
1738	259
1739	249
1740	283
1741	260
1742	247
1743	249
1744	270
1745	247
1746	250
1747	270
1748	261
1749	279
1750	236
1751	272
1752	262
1753	244
1754	223
1755	286
1756	248
1757	255
1758	249
1759	264
1760	255
1761	241
1762	228
1763	239
1764	273
1765	258
1766	273
1767	250
1768	272
1769	280
1770	277
1771	238
1772	254
1773	259
1774	250
1775	250
1776	227
1777	253
1778	264
1779	236
1780	236
1781	278
1782	241
1783	264
1784	246
1785	248
1786	242
1787	247
1788	257
1789	242
1790	229
1791	216
1792	256
1793	236
1794	235
1795	217
1796	235
1797	264
1798	211
1799	272
1800	254
1801	234
1802	274
1803	241
1804	246
1805	232
1806	221
1807	244
1808	252
1809	253
1810	241
1811	254
1812	236
1813	234
1814	226
1815	225
1816	226
1817	222
1818	242
1819	273
1820	264
1821	280
1822	254
1823	265
1824	243
1825	233
1826	221
1827	227
1828	217
1829	222
1830	250
1831	236
1832	217
1833	241
1834	231
1835	244
1836	235
1837	234
1838	230
1839	225
1840	211
1841	253
1842	238
1843	240
1844	251
1845	259
1846	223
1847	264
1848	234
1849	201
1850	228
1851	243
1852	256
1853	252
1854	203
1855	241
1856	203
1857	278
1858	259
1859	225
1860	233
1861	215
1862	220
1863	222
1864	238
1865	262
1866	232
1867	237
1868	206
1869	220
1870	220
1871	237
1872	249
1873	227
1874	224
1875	218
1876	234
1877	200
1878	220
1879	202
1880	237
1881	201
1882	236
1883	249
1884	217
1885	210
1886	218
1887	204
1888	226
1889	223
1890	213
1891	200
1892	251
1893	217
1894	228
1895	204
1896	242
1897	198
1898	237
1899	227
1900	226
1901	225
1902	211
1903	226
1904	206
1905	212
1906	221
1907	228
1908	221
1909	214
1910	205
1911	232
1912	185
1913	228
1914	252
1915	194
1916	219
1917	199
1918	192
1919	218
1920	235
1921	200
1922	235
1923	209
1924	198
1925	224
1926	218
1927	180
1928	223
1929	214
1930	245
1931	205
1932	206
1933	200
1934	240
1935	182
1936	209
1937	241
1938	204
1939	201
1940	202
1941	223
1942	224
1943	212
1944	198
1945	214
1946	219
1947	215
1948	217
1949	204
1950	226
1951	209
1952	227
1953	198
1954	212
1955	189
1956	227
1957	224
1958	217
1959	213
1960	207
1961	233
1962	228
1963	219
1964	219
1965	189
1966	198
1967	179
1968	195
1969	209
1970	214
1971	202
1972	207
1973	211
1974	220
1975	191
1976	224
1977	206
1978	198
1979	197
1980	198
1981	215
1982	200
1983	201
1984	210
1985	177
1986	198
1987	203
1988	193
1989	206
1990	192
1991	207
1992	232
1993	197
1994	203
1995	191
1996	194
1997	213
1998	203
1999	190
2000	182
2001	194
2002	214
2003	217
2004	201
2005	194
2006	219
2007	193
2008	189
2009	210
2010	204
2011	227
2012	178
2013	208
2014	210
2015	211
2016	196
2017	200
2018	203
2019	196
2020	210
2021	217
2022	191
2023	188
2024	205
2025	228
2026	204
2027	194
2028	196
2029	206
2030	188
2031	208
2032	209
2033	209
2034	206
2035	213
2036	184
2037	208
2038	216
2039	190
2040	212
2041	179
2042	198
2043	196
2044	185
2045	205
2046	195
2047	210
2048	202
2049	191
2050	190
2051	194
2052	175
2053	184
2054	214
2055	193
2056	173
2057	208
2058	173
2059	187
2060	198
2061	188
2062	194
2063	171
2064	185
2065	174
2066	205
2067	194
2068	189
2069	195
2070	181
2071	189
2072	195
2073	210
2074	212
2075	190
2076	187
2077	186
2078	177
2079	182
2080	192
2081	198
2082	198
2083	214
2084	184
2085	183
2086	200
2087	171
2088	210
2089	204
2090	174
2091	195
2092	182
2093	186
2094	162
2095	162
2096	181
2097	180
2098	175
2099	184
2100	208
2101	200
2102	201
2103	174
2104	187
2105	214
2106	180
2107	196
2108	177
2109	188
2110	200
2111	191
2112	181
2113	185
2114	184
2115	185
2116	194
2117	197
2118	158
2119	189
2120	183
2121	171
2122	199
2123	176
2124	177
2125	170
2126	194
2127	193
2128	182
2129	173
2130	186
2131	195
2132	206
2133	180
2134	170
2135	187
2136	202
2137	192
2138	188
2139	185
2140	178
2141	179
2142	218
2143	199
2144	195
2145	186
2146	206
2147	209
2148	243
2149	279
2150	260
2151	303
2152	307
2153	344
2154	384
2155	469
2156	471
2157	531
2158	592
2159	622
2160	687
2161	635
2162	675
2163	601
2164	610
2165	582
2166	542
2167	495
2168	407
2169	369
2170	351
2171	274
2172	273
2173	257
2174	257
2175	235
2176	216
2177	188
2178	178
2179	177
2180	196
2181	186
2182	191
2183	192
2184	176
2185	169
2186	170
2187	172
2188	194
2189	154
2190	182
2191	172
2192	198
2193	157
2194	175
2195	169
2196	164
2197	157
2198	184
2199	201
2200	171
2201	177
2202	173
2203	149
2204	170
2205	197
2206	167
2207	153
2208	168
2209	144
2210	171
2211	158
2212	147
2213	144
2214	151
2215	153
2216	180
2217	164
2218	183
2219	163
2220	163
2221	171
2222	141
2223	172
2224	172
2225	167
2226	154
2227	170
2228	175
2229	162
2230	132
2231	158
2232	178
2233	154
2234	162
2235	170
2236	153
2237	194
2238	157
2239	161
2240	177
2241	175
2242	173
2243	162
2244	164
2245	171
2246	171
2247	158
2248	149
2249	140
2250	177
2251	134
2252	165
2253	178
2254	184
2255	166
2256	167
2257	159
2258	163
2259	182
2260	170
2261	136
2262	152
2263	133
2264	166
2265	161
2266	164
2267	160
2268	184
2269	182
2270	170
2271	164
2272	153
2273	164
2274	172
2275	144
2276	168
2277	155
2278	169
2279	150
2280	137
2281	163
2282	182
2283	159
2284	135
2285	172
2286	162
2287	149
2288	163
2289	141
2290	156
2291	153
2292	149
2293	150
2294	153
2295	152
2296	168
2297	168
2298	168
2299	160
2300	161
2301	152
2302	131
2303	141
2304	167
2305	161
2306	130
2307	151
2308	152
2309	157
2310	165
2311	142
2312	137
2313	155
2314	165
2315	162
2316	150
2317	143
2318	157
2319	143
2320	135
2321	157
2322	148
2323	139
2324	138
2325	170
2326	146
2327	179
2328	144
2329	152
2330	177
2331	151
2332	158
2333	147
2334	142
2335	146
2336	156
2337	164
2338	129
2339	151
2340	158
2341	175
2342	155
2343	150
2344	143
2345	139
2346	157
2347	141
2348	161
2349	128
2350	141
2351	141
2352	165
2353	166
2354	137
2355	149
2356	162
2357	150
2358	142
2359	127
2360	144
2361	153
2362	160
2363	146
2364	152
2365	127
2366	157
2367	142
2368	159
2369	137
2370	145
2371	139
2372	141
2373	170
2374	132
2375	145
2376	150
2377	139
2378	165
2379	151
2380	154
2381	161
2382	123
2383	137
2384	135
2385	158
2386	169
2387	152
2388	153
2389	142
2390	154
2391	155
2392	157
2393	130
2394	114
2395	148
2396	141
2397	140
2398	140
2399	132
2400	167
2401	110
2402	122
2403	139
2404	153
2405	149
2406	156
2407	170
2408	155
2409	133
2410	155
2411	146
2412	143
2413	131
2414	118
2415	154
2416	147
2417	155
2418	139
2419	132
2420	130
2421	153
2422	136
2423	140
2424	138
2425	146
2426	126
2427	129
2428	132
2429	165
2430	151
2431	151
2432	141
2433	139
2434	162
2435	164
2436	131
2437	122
2438	151
2439	146
2440	128
2441	144
2442	141
2443	137
2444	147
2445	149
2446	139
2447	137
2448	153
2449	129
2450	122
2451	170
2452	162
2453	154
2454	157
2455	140
2456	138
2457	141
2458	127
2459	134
2460	137
2461	138
2462	147
2463	158
2464	165
2465	173
2466	197
2467	209
2468	217
2469	165
2470	156
2471	165
2472	155
2473	126
2474	132
2475	120
2476	132
2477	123
2478	147
2479	159
2480	139
2481	134
2482	143
2483	147
2484	131
2485	145
2486	116
2487	143
2488	126
2489	143
2490	144
2491	132
2492	122
2493	128
2494	136
2495	127
2496	126
2497	136
2498	142
2499	146
2500	156
2501	143
2502	132
2503	153
2504	126
2505	140
2506	144
2507	104
2508	146
2509	136
2510	157
2511	164
2512	147
2513	135
2514	127
2515	135
2516	151
2517	138
2518	136
2519	133
2520	131
2521	117
2522	145
2523	117
2524	156
2525	127
2526	128
2527	124
2528	150
2529	131
2530	138
2531	146
2532	131
2533	144
2534	143
2535	131
2536	144
2537	134
2538	124
2539	133
2540	125
2541	111
2542	131
2543	156
2544	125
2545	134
2546	103
2547	128
2548	126
2549	119
2550	125
2551	118
2552	119
2553	150
2554	152
2555	146
2556	149
2557	144
2558	131
2559	126
2560	144
2561	138
2562	133
2563	148
2564	164
2565	133
2566	132
2567	145
2568	152
2569	134
2570	123
2571	131
2572	134
2573	137
2574	185
2575	213
2576	259
2577	251
2578	276
2579	228
2580	212
2581	168
2582	133
2583	136
2584	122
2585	103
2586	132
2587	123
2588	119
2589	143
2590	145
2591	123
2592	116
2593	133
2594	127
2595	120
2596	134
2597	133
2598	111
2599	149
2600	146
2601	123
2602	108
2603	116
2604	119
2605	125
2606	142
2607	117
2608	108
2609	123
2610	126
2611	122
2612	120
2613	112
2614	140
2615	122
2616	131
2617	131
2618	114
2619	125
2620	135
2621	131
2622	119
2623	130
2624	117
2625	123
2626	120
2627	112
2628	142
2629	99
2630	125
2631	132
2632	153
2633	141
2634	124
2635	132
2636	128
2637	118
2638	133
2639	129
2640	106
2641	124
2642	126
2643	147
2644	115
2645	133
2646	131
2647	131
2648	131
2649	128
2650	122
2651	115
2652	111
2653	117
2654	112
2655	143
2656	113
2657	93
2658	118
2659	120
2660	107
2661	112
2662	116
2663	116
2664	134
2665	110
2666	120
2667	134
2668	135
2669	120
2670	123
2671	119
2672	135
2673	111
2674	140
2675	112
2676	123
2677	97
2678	124
2679	128
2680	120
2681	138
2682	107
2683	127
2684	137
2685	116
2686	121
2687	142
2688	148
2689	120
2690	115
2691	135
2692	108
2693	125
2694	127
2695	122
2696	122
2697	97
2698	145
2699	125
2700	117
2701	131
2702	103
2703	139
2704	124
2705	135
2706	129
2707	121
2708	133
2709	133
2710	127
2711	134
2712	117
2713	106
2714	120
2715	116
2716	112
2717	125
2718	128
2719	111
2720	122
2721	112
2722	115
2723	110
2724	120
2725	122
2726	116
2727	113
2728	126
2729	109
2730	122
2731	128
2732	107
2733	104
2734	133
2735	107
2736	110
2737	111
2738	152
2739	115
2740	126
2741	119
2742	126
2743	127
2744	95
2745	112
2746	104
2747	116
2748	120
2749	106
2750	134
2751	103
2752	120
2753	116
2754	112
2755	109
2756	115
2757	121
2758	136
2759	130
2760	101
2761	125
2762	118
2763	106
2764	108
2765	113
2766	126
2767	101
2768	130
2769	106
2770	115
2771	132
2772	127
2773	125
2774	101
2775	98
2776	121
2777	93
2778	103
2779	128
2780	112
2781	99
2782	102
2783	114
2784	96
2785	108
2786	112
2787	120
2788	108
2789	109
2790	110
2791	117
2792	114
2793	95
2794	121
2795	110
2796	112
2797	108
2798	126
2799	117
2800	129
2801	117
2802	114
2803	118
2804	122
2805	122
2806	95
2807	112
2808	114
2809	101
2810	119
2811	115
2812	122
2813	111
2814	110
2815	122
2816	110
2817	106
2818	114
2819	107
2820	102
2821	108
2822	104
2823	103
2824	110
2825	111
2826	105
2827	114
2828	120
2829	122
2830	103
2831	107
2832	102
2833	119
2834	101
2835	91
2836	126
2837	121
2838	117
2839	122
2840	87
2841	103
2842	119
2843	100
2844	103
2845	109
2846	111
2847	116
2848	112
2849	104
2850	106
2851	98
2852	108
2853	110
2854	138
2855	113
2856	106
2857	122
2858	104
2859	91
2860	130
2861	124
2862	125
2863	108
2864	92
2865	108
2866	108
2867	88
2868	92
2869	112
2870	102
2871	100
2872	107
2873	104
2874	98
2875	102
2876	96
2877	105
2878	131
2879	113
2880	105
2881	108
2882	104
2883	95
2884	100
2885	115
2886	115
2887	109
2888	116
2889	120
2890	116
2891	105
2892	106
2893	100
2894	100
2895	99
2896	100
2897	117
2898	116
2899	132
2900	96
2901	102
2902	101
2903	92
2904	80
2905	102
2906	104
2907	114
2908	117
2909	121
2910	97
2911	114
2912	100
2913	99
2914	94
2915	102
2916	110
2917	100
2918	104
2919	114
2920	108
2921	125
2922	114
2923	111
2924	120
2925	106
2926	98
2927	122
2928	100
2929	116
2930	108
2931	112
2932	113
2933	121
2934	102
2935	103
2936	108
2937	103
2938	101
2939	134
2940	109
2941	114
2942	89
2943	100
2944	93
2945	115
2946	114
2947	111
2948	102
2949	119
2950	97
2951	97
2952	83
2953	99
2954	100
2955	113
2956	110
2957	102
2958	109
2959	111
2960	92
2961	99
2962	109
2963	111
2964	121
2965	109
2966	103
2967	116
2968	92
2969	101
2970	128
2971	90
2972	112
2973	86
2974	113
2975	100
2976	113
2977	118
2978	114
2979	106
2980	93
2981	111
2982	104
2983	130
2984	91
2985	91
2986	115
2987	120
2988	105
2989	101
2990	95
2991	115
2992	104
2993	102
2994	107
2995	81
2996	118
2997	100
2998	106
2999	122
3000	82
3001	108
3002	103
3003	94
3004	112
3005	97
3006	106
3007	109
3008	109
3009	101
3010	89
3011	101
3012	101
3013	112
3014	95
3015	102
3016	108
3017	119
3018	90
3019	84
3020	123
3021	103
3022	106
3023	93
3024	84
3025	94
3026	80
3027	115
3028	101
3029	104
3030	110
3031	92
3032	104
3033	104
3034	108
3035	117
3036	101
3037	92
3038	119
3039	94
3040	94
3041	110
3042	88
3043	90
3044	111
3045	104
3046	104
3047	117
3048	84
3049	87
3050	99
3051	85
3052	96
3053	95
3054	109
3055	107
3056	104
3057	99
3058	86
3059	114
3060	86
3061	100
3062	89
3063	107
3064	87
3065	109
3066	94
3067	108
3068	107
3069	94
3070	107
3071	92
3072	96
3073	102
3074	126
3075	113
3076	105
3077	92
3078	113
3079	106
3080	115
3081	85
3082	90
3083	114
3084	102
3085	116
3086	101
3087	99
3088	101
3089	98
3090	84
3091	97
3092	109
3093	92
3094	91
3095	88
3096	75
3097	86
3098	114
3099	99
3100	102
3101	91
3102	93
3103	101
3104	99
3105	95
3106	99
3107	97
3108	107
3109	91
3110	99
3111	87
3112	91
3113	113
3114	100
3115	105
3116	100
3117	93
3118	90
3119	99
3120	105
3121	75
3122	88
3123	99
3124	81
3125	106
3126	77
3127	79
3128	90
3129	94
3130	101
3131	100
3132	106
3133	97
3134	93
3135	110
3136	95
3137	84
3138	81
3139	90
3140	105
3141	97
3142	86
3143	81
3144	96
3145	80
3146	93
3147	90
3148	109
3149	92
3150	85
3151	94
3152	90
3153	106
3154	103
3155	77
3156	112
3157	93
3158	88
3159	97
3160	93
3161	78
3162	96
3163	101
3164	89
3165	92
3166	92
3167	104
3168	88
3169	94
3170	118
3171	97
3172	100
3173	84
3174	98
3175	83
3176	87
3177	81
3178	83
3179	96
3180	72
3181	81
3182	99
3183	83
3184	104
3185	81
3186	106
3187	81
3188	81
3189	95
3190	80
3191	92
3192	93
3193	92
3194	89
3195	90
3196	98
3197	87
3198	110
3199	83
3200	100
3201	82
3202	95
3203	98
3204	95
3205	99
3206	88
3207	75
3208	90
3209	86
3210	66
3211	78
3212	100
3213	87
3214	98
3215	90
3216	81
3217	102
3218	84
3219	89
3220	90
3221	86
3222	93
3223	104
3224	104
3225	85
3226	92
3227	60
3228	82
3229	78
3230	84
3231	78
3232	91
3233	93
3234	102
3235	84
3236	77
3237	74
3238	107
3239	85
3240	93
3241	88
3242	85
3243	110
3244	97
3245	82
3246	80
3247	89
3248	95
3249	101
3250	86
3251	102
3252	100
3253	104
3254	79
3255	88
3256	102
3257	98
3258	78
3259	90
3260	86
3261	89
3262	93
3263	95
3264	87
3265	79
3266	85
3267	92
3268	88
3269	99
3270	98
3271	86
3272	88
3273	91
3274	85
3275	94
3276	78
3277	100
3278	79
3279	84
3280	83
3281	87
3282	87
3283	91
3284	87
3285	96
3286	86
3287	83
3288	91
3289	97
3290	86
3291	83
3292	95
3293	71
3294	91
3295	98
3296	99
3297	87
3298	78
3299	78
3300	70
3301	102
3302	74
3303	84
3304	84
3305	72
3306	80
3307	78
3308	81
3309	98
3310	89
3311	105
3312	78
3313	85
3314	93
3315	92
3316	82
3317	85
3318	93
3319	71
3320	87
3321	67
3322	105
3323	96
3324	104
3325	93
3326	92
3327	88
3328	87
3329	86
3330	95
3331	84
3332	77
3333	96
3334	94
3335	88
3336	84
3337	76
3338	83
3339	81
3340	77
3341	85
3342	89
3343	78
3344	74
3345	92
3346	80
3347	70
3348	76
3349	83
3350	78
3351	74
3352	85
3353	83
3354	78
3355	89
3356	102
3357	86
3358	67
3359	80
3360	73
3361	75
3362	92
3363	93
3364	100
3365	99
3366	77
3367	79
3368	87
3369	88
3370	78
3371	92
3372	79
3373	74
3374	88
3375	81
3376	79
3377	88
3378	89
3379	83
3380	83
3381	72
3382	87
3383	78
3384	77
3385	79
3386	80
3387	88
3388	96
3389	77
3390	78
3391	83
3392	66
3393	73
3394	81
3395	101
3396	85
3397	69
3398	84
3399	82
3400	84
3401	98
3402	73
3403	80
3404	81
3405	83
3406	87
3407	72
3408	90
3409	95
3410	86
3411	81
3412	73
3413	79
3414	68
3415	82
3416	90
3417	82
3418	79
3419	82
3420	90
3421	73
3422	74
3423	77
3424	88
3425	74
3426	75
3427	85
3428	88
3429	86
3430	91
3431	79
3432	72
3433	83
3434	76
3435	86
3436	80
3437	74
3438	79
3439	79
3440	85
3441	74
3442	81
3443	77
3444	89
3445	74
3446	85
3447	76
3448	71
3449	73
3450	67
3451	85
3452	73
3453	75
3454	73
3455	75
3456	73
3457	76
3458	88
3459	94
3460	63
3461	81
3462	75
3463	84
3464	71
3465	59
3466	89
3467	61
3468	78
3469	75
3470	88
3471	87
3472	79
3473	84
3474	80
3475	92
3476	81
3477	79
3478	93
3479	63
3480	91
3481	88
3482	68
3483	86
3484	61
3485	76
3486	81
3487	58
3488	79
3489	63
3490	74
3491	80
3492	83
3493	75
3494	87
3495	79
3496	75
3497	78
3498	58
3499	73
3500	60
3501	65
3502	85
3503	72
3504	71
3505	91
3506	86
3507	69
3508	86
3509	66
3510	80
3511	86
3512	87
3513	77
3514	88
3515	72
3516	76
3517	76
3518	71
3519	90
3520	73
3521	86
3522	87
3523	82
3524	59
3525	73
3526	77
3527	71
3528	81
3529	67
3530	90
3531	81
3532	75
3533	101
3534	78
3535	83
3536	87
3537	67
3538	67
3539	73
3540	77
3541	78
3542	71
3543	68
3544	86
3545	70
3546	81
3547	69
3548	85
3549	91
3550	77
3551	75
3552	80
3553	80
3554	81
3555	94
3556	90
3557	85
3558	77
3559	76
3560	89
3561	69
3562	71
3563	75
3564	74
3565	75
3566	74
3567	76
3568	76
3569	81
3570	70
3571	66
3572	73
3573	80
3574	74
3575	92
3576	74
3577	53
3578	90
3579	89
3580	98
3581	107
3582	97
3583	93
3584	106
3585	107
3586	82
3587	72
3588	93
3589	71
3590	85
3591	73
3592	71
3593	73
3594	67
3595	86
3596	69
3597	64
3598	76
3599	76
3600	86
3601	77
3602	89
3603	88
3604	88
3605	64
3606	66
3607	91
3608	66
3609	76
3610	69
3611	75
3612	86
3613	84
3614	83
3615	71
3616	84
3617	58
3618	73
3619	84
3620	84
3621	76
3622	65
3623	59
3624	70
3625	65
3626	74
3627	69
3628	73
3629	74
3630	73
3631	70
3632	56
3633	93
3634	80
3635	79
3636	73
3637	62
3638	76
3639	87
3640	73
3641	71
3642	94
3643	78
3644	82
3645	74
3646	79
3647	92
3648	81
3649	65
3650	88
3651	78
3652	86
3653	74
3654	77
3655	60
3656	56
3657	64
3658	77
3659	55
3660	90
3661	76
3662	81
3663	76
3664	79
3665	77
3666	61
3667	70
3668	68
3669	82
3670	73
3671	67
3672	68
3673	68
3674	68
3675	82
3676	77
3677	90
3678	83
3679	59
3680	61
3681	68
3682	60
3683	87
3684	76
3685	67
3686	57
3687	70
3688	76
3689	71
3690	70
3691	78
3692	80
3693	84
3694	84
3695	74
3696	64
3697	61
3698	89
3699	66
3700	65
3701	75
3702	72
3703	75
3704	70
3705	62
3706	65
3707	75
3708	62
3709	71
3710	83
3711	70
3712	66
3713	64
3714	60
3715	61
3716	86
3717	73
3718	74
3719	71
3720	68
3721	72
3722	77
3723	67
3724	84
3725	63
3726	85
3727	62
3728	78
3729	75
3730	71
3731	64
3732	88
3733	76
3734	72
3735	84
3736	65
3737	69
3738	75
3739	88
3740	70
3741	64
3742	87
3743	67
3744	64
3745	74
3746	86
3747	80
3748	72
3749	61
3750	81
3751	79
3752	86
3753	75
3754	75
3755	60
3756	67
3757	76
3758	79
3759	65
3760	69
3761	70
3762	73
3763	57
3764	67
3765	63
3766	75
3767	61
3768	61
3769	78
3770	71
3771	55
3772	64
3773	64
3774	72
3775	54
3776	71
3777	81
3778	70
3779	58
3780	67
3781	61
3782	79
3783	79
3784	67
3785	96
3786	72
3787	76
3788	77
3789	73
3790	63
3791	60
3792	80
3793	76
3794	81
3795	67
3796	59
3797	66
3798	61
3799	75
3800	66
3801	56
3802	69
3803	61
3804	76
3805	83
3806	61
3807	75
3808	48
3809	59
3810	72
3811	64
3812	76
3813	86
3814	74
3815	61
3816	62
3817	72
3818	62
3819	74
3820	74
3821	69
3822	88
3823	63
3824	60
3825	80
3826	61
3827	82
3828	56
3829	69
3830	61
3831	62
3832	74
3833	72
3834	79
3835	83
3836	76
3837	55
3838	55
3839	73
3840	76
3841	64
3842	67
3843	63
3844	68
3845	64
3846	51
3847	62
3848	69
3849	77
3850	98
3851	88
3852	109
3853	116
3854	144
3855	135
3856	117
3857	100
3858	82
3859	62
3860	86
3861	70
3862	72
3863	55
3864	60
3865	81
3866	73
3867	66
3868	68
3869	80
3870	65
3871	57
3872	61
3873	78
3874	62
3875	64
3876	68
3877	75
3878	57
3879	74
3880	66
3881	81
3882	72
3883	67
3884	85
3885	65
3886	74
3887	71
3888	59
3889	55
3890	67
3891	83
3892	56
3893	71
3894	60
3895	62
3896	64
3897	66
3898	69
3899	66
3900	64
3901	58
3902	75
3903	79
3904	67
3905	62
3906	66
3907	76
3908	69
3909	67
3910	78
3911	77
3912	60
3913	64
3914	64
3915	61
3916	60
3917	48
3918	76
3919	63
3920	71
3921	80
3922	59
3923	60
3924	60
3925	54
3926	58
3927	57
3928	59
3929	68
3930	63
3931	53
3932	73
3933	55
3934	48
3935	70
3936	69
3937	54
3938	72
3939	54
3940	56
3941	72
3942	60
3943	55
3944	68
3945	59
3946	60
3947	58
3948	60
3949	62
3950	68
3951	80
3952	60
3953	61
3954	72
3955	78
3956	54
3957	73
3958	54
3959	51
3960	47
3961	52
3962	56
3963	64
3964	72
3965	63
3966	54
3967	64
3968	66
3969	72
3970	67
3971	60
3972	75
3973	61
3974	58
3975	69
3976	61
3977	53
3978	59
3979	65
3980	66
3981	52
3982	64
3983	65
3984	54
3985	63
3986	70
3987	47
3988	61
3989	57
3990	82
3991	64
3992	65
3993	72
3994	75
3995	68
3996	58
3997	60
3998	50
3999	65
4000	57
4001	56
4002	54
4003	61
4004	68
4005	58
4006	70
4007	84
4008	61
4009	59
4010	67
4011	57
4012	65
4013	54
4014	68
4015	72
4016	79
4017	85
4018	56
4019	72
4020	77
4021	65
4022	53
4023	60
4024	66
4025	61
4026	67
4027	63
4028	76
4029	70
4030	65
4031	71
4032	66
4033	68
4034	61
4035	44
4036	75
4037	63
4038	61
4039	68
4040	60
4041	53
4042	39
4043	75
4044	57
4045	69
4046	65
4047	59
4048	57
4049	65
4050	68
4051	64
4052	57
4053	64
4054	64
4055	54
4056	57
4057	53
4058	63
4059	50
4060	68
4061	55
4062	61
4063	61
4064	64
4065	62
4066	67
4067	62
4068	43
4069	65
4070	58
4071	62
4072	62
4073	69
4074	63
4075	69
4076	60
4077	64
4078	87
4079	84
4080	92
4081	75
4082	69
4083	78
4084	83
4085	65
4086	56
4087	70
4088	61
4089	61
4090	54
4091	65
4092	64
4093	73
4094	84
4095	73
4096	88
4097	87
4098	118
4099	106
4100	92
4101	74
4102	77
4103	62
4104	62
4105	57
4106	62
4107	54
4108	50
4109	59
4110	62
4111	55
4112	72
4113	68
4114	57
4115	65
4116	64
4117	63
4118	64
4119	60
4120	57
4121	56
4122	59
4123	71
4124	49
4125	56
4126	54
4127	65
4128	58
4129	80
4130	51
4131	63
4132	56
4133	62
4134	54
4135	51
4136	59
4137	57
4138	63
4139	62
4140	61
4141	61
4142	61
4143	63
4144	60
4145	72
4146	58
4147	59
4148	67
4149	58
4150	54
4151	67
4152	60
4153	66
4154	64
4155	60
4156	53
4157	66
4158	64
4159	63
4160	59
4161	63
4162	53
4163	67
4164	56
4165	43
4166	44
4167	67
4168	61
4169	45
4170	51
4171	65
4172	67
4173	57
4174	68
4175	48
4176	77
4177	72
4178	66
4179	60
4180	49
4181	62
4182	51
4183	63
4184	58
4185	64
4186	50
4187	46
4188	60
4189	43
4190	52
4191	51
4192	55
4193	59
4194	62
4195	60
4196	55
4197	69
4198	56
4199	53
4200	72
4201	58
4202	57
4203	57
4204	57
4205	51
4206	46
4207	49
4208	54
4209	59
4210	51
4211	69
4212	56
4213	65
4214	49
4215	53
4216	49
4217	54
4218	67
4219	58
4220	46
4221	52
4222	48
4223	54
4224	65
4225	71
4226	54
4227	47
4228	54
4229	61
4230	66
4231	53
4232	56
4233	53
4234	64
4235	64
4236	67
4237	56
4238	67
4239	52
4240	57
4241	67
4242	64
4243	59
4244	68
4245	66
4246	69
4247	59
4248	58
4249	48
4250	42
4251	61
4252	54
4253	55
4254	55
4255	44
4256	55
4257	51
4258	63
4259	51
4260	52
4261	58
4262	60
4263	56
4264	56
4265	61
4266	59
4267	49
4268	51
4269	52
4270	52
4271	48
4272	58
4273	58
4274	53
4275	78
4276	54
4277	58
4278	63
4279	63
4280	58
4281	52
4282	44
4283	62
4284	53
4285	56
4286	55
4287	70
4288	60
4289	66
4290	62
4291	58
4292	50
4293	60
4294	63
4295	58
4296	47
4297	58
4298	52
4299	47
4300	60
4301	55
4302	30
4303	59
4304	60
4305	60
4306	59
4307	63
4308	66
4309	59
4310	49
4311	50
4312	46
4313	57
4314	68
4315	59
4316	46
4317	61
4318	58
4319	48
4320	52
4321	47
4322	59
4323	38
4324	67
4325	58
4326	54
4327	50
4328	53
4329	52
4330	66
4331	67
4332	46
4333	55
4334	49
4335	58
4336	57
4337	56
4338	48
4339	54
4340	58
4341	61
4342	42
4343	61
4344	63
4345	55
4346	55
4347	51
4348	50
4349	43
4350	50
4351	58
4352	49
4353	63
4354	45
4355	53
4356	54
4357	56
4358	57
4359	55
4360	63
4361	56
4362	69
4363	53
4364	60
4365	48
4366	67
4367	52
4368	64
4369	53
4370	57
4371	54
4372	61
4373	66
4374	79
4375	65
4376	56
4377	44
4378	44
4379	57
4380	59
4381	49
4382	61
4383	55
4384	53
4385	49
4386	52
4387	63
4388	39
4389	51
4390	68
4391	54
4392	54
4393	51
4394	63
4395	53
4396	52
4397	57
4398	58
4399	56
4400	48
4401	59
4402	60
4403	59
4404	53
4405	51
4406	71
4407	60
4408	67
4409	64
4410	51
4411	51
4412	59
4413	48
4414	49
4415	68
4416	43
4417	62
4418	67
4419	51
4420	61
4421	64
4422	39
4423	58
4424	52
4425	41
4426	52
4427	64
4428	54
4429	50
4430	61
4431	44
4432	50
4433	48
4434	56
4435	60
4436	54
4437	61
4438	51
4439	61
4440	53
4441	59
4442	47
4443	68
4444	67
4445	53
4446	52
4447	51
4448	60
4449	54
4450	50
4451	59
4452	52
4453	50
4454	47
4455	56
4456	56
4457	57
4458	47
4459	59
4460	53
4461	59
4462	41
4463	43
4464	59
4465	60
4466	45
4467	50
4468	39
4469	48
4470	50
4471	50
4472	44
4473	44
4474	47
4475	42
4476	56
4477	50
4478	54
4479	59
4480	57
4481	43
4482	63
4483	60
4484	45
4485	51
4486	58
4487	43
4488	48
4489	68
4490	56
4491	61
4492	43
4493	51
4494	55
4495	63
4496	50
4497	56
4498	54
4499	57
4500	42
4501	50
4502	56
4503	55
4504	42
4505	62
4506	58
4507	51
4508	56
4509	50
4510	59
4511	62
4512	58
4513	51
4514	52
4515	51
4516	62
4517	50
4518	56
4519	61
4520	47
4521	55
4522	60
4523	51
4524	59
4525	52
4526	55
4527	54
4528	47
4529	38
4530	56
4531	59
4532	56
4533	53
4534	57
4535	57
4536	46
4537	51
4538	43
4539	63
4540	48
4541	52
4542	48
4543	53
4544	66
4545	61
4546	64
4547	50
4548	52
4549	50
4550	69
4551	43
4552	60
4553	49
4554	46
4555	49
4556	54
4557	46
4558	57
4559	54
4560	45
4561	54
4562	48
4563	51
4564	54
4565	47
4566	47
4567	57
4568	53
4569	53
4570	51
4571	54
4572	52
4573	54
4574	61
4575	55
4576	46
4577	56
4578	52
4579	44
4580	48
4581	52
4582	45
4583	45
4584	54
4585	49
4586	53
4587	57
4588	47
4589	46
4590	56
4591	55
4592	56
4593	51
4594	48
4595	70
4596	46
4597	52
4598	45
4599	55
4600	55
4601	56
4602	40
4603	44
4604	57
4605	51
4606	46
4607	51
4608	52
4609	56
4610	50
4611	49
4612	45
4613	52
4614	60
4615	47
4616	56
4617	45
4618	54
4619	59
4620	57
4621	61
4622	52
4623	52
4624	45
4625	52
4626	44
4627	47
4628	68
4629	50
4630	40
4631	50
4632	43
4633	57
4634	50
4635	56
4636	42
4637	42
4638	54
4639	49
4640	38
4641	58
4642	43
4643	55
4644	54
4645	51
4646	47
4647	45
4648	65
4649	49
4650	57
4651	52
4652	47
4653	54
4654	54
4655	58
4656	44
4657	47
4658	53
4659	50
4660	54
4661	62
4662	65
4663	49
4664	55
4665	37
4666	43
4667	54
4668	55
4669	50
4670	51
4671	62
4672	49
4673	51
4674	51
4675	61
4676	50
4677	39
4678	53
4679	54
4680	37
4681	39
4682	50
4683	61
4684	39
4685	52
4686	46
4687	42
4688	56
4689	68
4690	57
4691	35
4692	49
4693	50
4694	58
4695	49
4696	46
4697	56
4698	59
4699	63
4700	46
4701	51
4702	49
4703	44
4704	60
4705	48
4706	49
4707	45
4708	51
4709	61
4710	47
4711	48
4712	49
4713	46
4714	45
4715	47
4716	52
4717	51
4718	46
4719	43
4720	52
4721	55
4722	45
4723	45
4724	53
4725	52
4726	54
4727	51
4728	42
4729	52
4730	52
4731	47
4732	50
4733	39
4734	63
4735	77
4736	76
4737	87
4738	98
4739	88
4740	70
4741	74
4742	68
4743	65
4744	52
4745	58
4746	45
4747	46
4748	48
4749	48
4750	39
4751	52
4752	43
4753	47
4754	45
4755	41
4756	50
4757	49
4758	50
4759	49
4760	47
4761	57
4762	36
4763	50
4764	53
4765	43
4766	43
4767	55
4768	41
4769	46
4770	44
4771	58
4772	38
4773	42
4774	46
4775	45
4776	58
4777	55
4778	48
4779	57
4780	43
4781	52
4782	46
4783	52
4784	46
4785	41
4786	55
4787	39
4788	53
4789	38
4790	61
4791	41
4792	53
4793	46
4794	58
4795	58
4796	50
4797	59
4798	49
4799	56
4800	57
4801	55
4802	51
4803	48
4804	41
4805	50
4806	49
4807	60
4808	58
4809	37
4810	45
4811	53
4812	59
4813	51
4814	51
4815	47
4816	49
4817	40
4818	57
4819	48
4820	55
4821	50
4822	49
4823	34
4824	57
4825	46
4826	59
4827	46
4828	47
4829	39
4830	51
4831	35
4832	53
4833	47
4834	50
4835	44
4836	53
4837	44
4838	48
4839	52
4840	58
4841	49
4842	38
4843	48
4844	37
4845	43
4846	31
4847	47
4848	39
4849	51
4850	53
4851	37
4852	45
4853	32
4854	35
4855	51
4856	46
4857	46
4858	60
4859	49
4860	41
4861	56
4862	40
4863	42
4864	39
4865	44
4866	50
4867	52
4868	50
4869	49
4870	43
4871	52
4872	38
4873	39
4874	46
4875	63
4876	55
4877	53
4878	37
4879	43
4880	61
4881	48
4882	47
4883	51
4884	56
4885	58
4886	58
4887	61
4888	52
4889	57
4890	53
4891	48
4892	42
4893	36
4894	44
4895	40
4896	36
4897	64
4898	49
4899	42
4900	45
4901	45
4902	51
4903	44
4904	46
4905	51
4906	41
4907	52
4908	46
4909	49
4910	44
4911	55
4912	33
4913	42
4914	56
4915	46
4916	45
4917	54
4918	35
4919	40
4920	51
4921	47
4922	52
4923	66
4924	46
4925	40
4926	41
4927	45
4928	45
4929	52
4930	43
4931	46
4932	39
4933	48
4934	52
4935	57
4936	50
4937	47
4938	45
4939	29
4940	40
4941	49
4942	44
4943	42
4944	46
4945	57
4946	46
4947	53
4948	50
4949	32
4950	52
4951	63
4952	54
4953	47
4954	62
4955	53
4956	39
4957	50
4958	56
4959	45
4960	42
4961	47
4962	43
4963	48
4964	44
4965	39
4966	41
4967	48
4968	39
4969	47
4970	57
4971	48
4972	39
4973	39
4974	53
4975	55
4976	48
4977	49
4978	32
4979	43
4980	53
4981	41
4982	37
4983	56
4984	38
4985	59
4986	47
4987	60
4988	39
4989	53
4990	51
4991	43
4992	64
4993	53
4994	42
4995	45
4996	51
4997	39
4998	47
4999	57
5000	60
5001	53
5002	43
5003	38
5004	53
5005	48
5006	38
5007	47
5008	38
5009	56
5010	46
5011	50
5012	43
5013	52
5014	52
5015	39
5016	44
5017	44
5018	52
5019	49
5020	47
5021	47
5022	51
5023	49
5024	51
5025	33
5026	44
5027	54
5028	42
5029	42
5030	37
5031	41
5032	58
5033	41
5034	37
5035	52
5036	46
5037	43
5038	47
5039	40
5040	55
5041	53
5042	37
5043	41
5044	50
5045	46
5046	45
5047	50
5048	48
5049	45
5050	39
5051	50
5052	43
5053	55
5054	42
5055	48
5056	37
5057	37
5058	53
5059	52
5060	51
5061	54
5062	46
5063	42
5064	39
5065	40
5066	50
5067	41
5068	54
5069	42
5070	43
5071	53
5072	45
5073	51
5074	47
5075	41
5076	51
5077	60
5078	61
5079	57
5080	47
5081	48
5082	47
5083	44
5084	46
5085	50
5086	32
5087	46
5088	36
5089	44
5090	48
5091	51
5092	56
5093	34
5094	46
5095	48
5096	41
5097	38
5098	45
5099	38
5100	49
5101	33
5102	40
5103	44
5104	44
5105	50
5106	32
5107	49
5108	44
5109	47
5110	60
5111	54
5112	52
5113	48
5114	44
5115	40
5116	47
5117	44
5118	55
5119	42
5120	40
5121	35
5122	42
5123	52
5124	48
5125	54
5126	50
5127	48
5128	42
5129	51
5130	59
5131	48
5132	42
5133	47
5134	45
5135	37
5136	45
5137	43
5138	49
5139	55
5140	50
5141	51
5142	50
5143	52
5144	39
5145	38
5146	51
5147	41
5148	41
5149	50
5150	33
5151	50
5152	46
5153	46
5154	50
5155	51
5156	51
5157	55
5158	43
5159	50
5160	49
5161	46
5162	32
5163	49
5164	34
5165	41
5166	45
5167	42
5168	46
5169	50
5170	41
5171	33
5172	52
5173	45
5174	41
5175	24
5176	44
5177	48
5178	46
5179	64
5180	47
5181	45
5182	45
5183	62
5184	49
5185	50
5186	46
5187	41
5188	42
5189	40
5190	50
5191	52
5192	49
5193	52
5194	47
5195	49
5196	40
5197	43
5198	49
5199	49
5200	52
5201	46
5202	29
5203	37
5204	43
5205	44
5206	43
5207	37
5208	43
5209	52
5210	39
5211	46
5212	45
5213	46
5214	56
5215	60
5216	41
5217	55
5218	36
5219	42
5220	45
5221	56
5222	42
5223	41
5224	41
5225	35
5226	48
5227	49
5228	42
5229	56
5230	53
5231	42
5232	49
5233	46
5234	61
5235	59
5236	61
5237	63
5238	65
5239	47
5240	45
5241	48
5242	44
5243	42
5244	51
5245	45
5246	46
5247	60
5248	43
5249	45
5250	49
5251	43
5252	38
5253	61
5254	44
5255	46
5256	48
5257	31
5258	36
5259	34
5260	35
5261	40
5262	44
5263	37
5264	41
5265	43
5266	24
5267	48
5268	42
5269	44
5270	38
5271	40
5272	39
5273	49
5274	41
5275	34
5276	32
5277	45
5278	46
5279	29
5280	39
5281	34
5282	24
5283	46
5284	56
5285	38
5286	39
5287	37
5288	48
5289	52
5290	42
5291	46
5292	28
5293	35
5294	51
5295	24
5296	41
5297	50
5298	46
5299	36
5300	46
5301	36
5302	32
5303	37
5304	42
5305	31
5306	32
5307	32
5308	32
5309	49
5310	40
5311	38
5312	37
5313	46
5314	39
5315	42
5316	53
5317	41
5318	41
5319	56
5320	38
5321	44
5322	47
5323	36
5324	38
5325	39
5326	35
5327	30
5328	41
5329	47
5330	40
5331	39
5332	46
5333	25
5334	38
5335	33
5336	38
5337	40
5338	41
5339	47
5340	36
5341	42
5342	31
5343	34
5344	36
5345	39
5346	42
5347	30
5348	41
5349	28
5350	32
5351	34
5352	30
5353	37
5354	38
5355	46
5356	28
5357	35
5358	34
5359	36
5360	32
5361	28
5362	26
5363	37
5364	28
5365	42
5366	35
5367	36
5368	36
5369	24
5370	43
5371	28
5372	25
5373	34
5374	39
5375	30
5376	37
5377	38
5378	34
5379	49
5380	40
5381	39
5382	42
5383	21
5384	40
5385	36
5386	30
5387	29
5388	41
5389	24
5390	38
5391	24
5392	36
5393	41
5394	41
5395	42
5396	37
5397	26
5398	34
5399	25
5400	36
5401	30
5402	35
5403	35
5404	36
5405	47
5406	34
5407	43
5408	27
5409	34
5410	40
5411	41
5412	24
5413	41
5414	42
5415	44
5416	52
5417	37
5418	41
5419	29
5420	33
5421	37
5422	35
5423	40
5424	43
5425	39
5426	38
5427	36
5428	26
5429	37
5430	25
5431	39
5432	27
5433	36
5434	47
5435	30
5436	30
5437	27
5438	29
5439	44
5440	32
5441	39
5442	34
5443	36
5444	34
5445	31
5446	31
5447	35
5448	35
5449	40
5450	42
5451	28
5452	43
5453	45
5454	29
5455	31
5456	38
5457	33
5458	40
5459	30
5460	21
5461	30
5462	36
5463	34
5464	43
5465	35
5466	42
5467	36
5468	31
5469	37
5470	39
5471	36
5472	36
5473	29
5474	37
5475	36
5476	29
5477	36
5478	29
5479	37
5480	30
5481	28
5482	26
5483	29
5484	33
5485	38
5486	33
5487	34
5488	33
5489	27
5490	37
5491	26
5492	41
5493	36
5494	29
5495	35
5496	37
5497	27
5498	27
5499	25
5500	30
5501	36
5502	27
5503	32
5504	34
5505	37
5506	30
5507	43
5508	31
5509	50
5510	35
5511	35
5512	31
5513	33
5514	33
5515	35
5516	27
5517	26
5518	33
5519	35
5520	27
5521	37
5522	37
5523	38
5524	41
5525	33
5526	35
5527	32
5528	27
5529	28
5530	27
5531	36
5532	31
5533	35
5534	33
5535	29
5536	27
5537	37
5538	29
5539	42
5540	34
5541	38
5542	37
5543	29
5544	26
5545	30
5546	40
5547	43
5548	28
5549	32
5550	42
5551	36
5552	26
5553	28
5554	28
5555	31
5556	36
5557	26
5558	27
5559	26
5560	29
5561	38
5562	28
5563	29
5564	32
5565	38
5566	27
5567	20
5568	32
5569	35
5570	33
5571	26
5572	34
5573	36
5574	31
5575	29
5576	31
5577	35
5578	30
5579	26
5580	28
5581	31
5582	27
5583	30
5584	30
5585	35
5586	29
5587	22
5588	29
5589	34
5590	34
5591	37
5592	34
5593	23
5594	32
5595	24
5596	37
5597	38
5598	38
5599	23
5600	28
5601	34
5602	25
5603	23
5604	38
5605	30
5606	26
5607	25
5608	26
5609	31
5610	36
5611	38
5612	24
5613	27
5614	28
5615	35
5616	22
5617	29
5618	21
5619	42
5620	34
5621	37
5622	36
5623	33
5624	41
5625	30
5626	24
5627	36
5628	28
5629	26
5630	18
5631	39
5632	30
5633	36
5634	34
5635	24
5636	17
5637	23
5638	33
5639	34
5640	37
5641	16
5642	38
5643	31
5644	22
5645	29
5646	35
5647	28
5648	17
5649	24
5650	39
5651	34
5652	27
5653	27
5654	28
5655	28
5656	20
5657	33
5658	24
5659	22
5660	36
5661	32
5662	18
5663	31
5664	30
5665	32
5666	27
5667	26
5668	35
5669	33
5670	28
5671	28
5672	37
5673	21
5674	23
5675	27
5676	21
5677	30
5678	26
5679	30
5680	31
5681	35
5682	29
5683	30
5684	29
5685	23
5686	21
5687	21
5688	42
5689	24
5690	35
5691	39
5692	27
5693	32
5694	25
5695	31
5696	36
5697	30
5698	34
5699	25
5700	31
5701	27
5702	30
5703	21
5704	31
5705	28
5706	34
5707	31
5708	38
5709	25
5710	32
5711	16
5712	24
5713	28
5714	23
5715	34
5716	23
5717	26
5718	32
5719	35
5720	25
5721	22
5722	25
5723	20
5724	37
5725	31
5726	25
5727	18
5728	22
5729	30
5730	39
5731	23
5732	27
5733	32
5734	26
5735	21
5736	33
5737	27
5738	31
5739	21
5740	32
5741	20
5742	26
5743	26
5744	28
5745	29
5746	21
5747	21
5748	28
5749	27
5750	25
5751	37
5752	39
5753	29
5754	35
5755	23
5756	29
5757	18
5758	29
5759	27
5760	28
5761	28
5762	30
5763	33
5764	39
5765	36
5766	34
5767	28
5768	24
5769	21
5770	28
5771	27
5772	31
5773	28
5774	28
5775	21
5776	16
5777	21
5778	22
5779	22
5780	20
5781	28
5782	21
5783	22
5784	15
5785	23
5786	34
5787	32
5788	20
5789	30
5790	24
5791	20
5792	26
5793	26
5794	26
5795	40
5796	25
5797	28
5798	16
5799	23
5800	27
5801	29
5802	26
5803	22
5804	30
5805	19
5806	34
5807	27
5808	29
5809	24
5810	33
5811	24
5812	23
5813	37
5814	35
5815	26
5816	19
5817	27
5818	34
5819	23
5820	31
5821	26
5822	17
5823	25
5824	22
5825	34
5826	43
5827	32
5828	39
5829	34
5830	27
5831	31
5832	24
5833	23
5834	25
5835	20
5836	27
5837	28
5838	28
5839	24
5840	19
5841	23
5842	26
5843	26
5844	19
5845	25
5846	31
5847	24
5848	33
5849	24
5850	24
5851	34
5852	24
5853	26
5854	24
5855	24
5856	32
5857	34
5858	34
5859	23
5860	23
5861	23
5862	26
5863	27
5864	29
5865	30
5866	30
5867	21
5868	25
5869	31
5870	27
5871	26
5872	32
5873	22
5874	31
5875	28
5876	27
5877	29
5878	30
5879	29
5880	31
5881	18
5882	25
5883	24
5884	18
5885	33
5886	30
5887	25
5888	24
5889	25
5890	21
5891	27
5892	37
5893	31
5894	33
5895	25
5896	30
5897	23
5898	18
5899	25
5900	25
5901	28
5902	27
5903	20
5904	24
5905	21
5906	19
5907	29
5908	20
5909	32
5910	22
5911	30
5912	27
5913	27
5914	19
5915	29
5916	36
5917	19
5918	24
5919	14
5920	25
5921	25
5922	19
5923	33
5924	26
5925	29
5926	23
5927	20
5928	20
5929	29
5930	27
5931	20
5932	23
5933	28
5934	24
5935	26
5936	21
5937	14
5938	17
5939	19
5940	31
5941	24
5942	22
5943	24
5944	18
5945	26
5946	24
5947	16
5948	27
5949	27
5950	22
5951	19
5952	31
5953	41
5954	37
5955	24
5956	33
5957	27
5958	27
5959	26
5960	28
5961	19
5962	20
5963	24
5964	24
5965	27
5966	18
5967	22
5968	20
5969	25
5970	25
5971	31
5972	19
5973	21
5974	19
5975	24
5976	27
5977	25
5978	17
5979	33
5980	31
5981	25
5982	20
5983	19
5984	22
5985	19
5986	29
5987	25
5988	21
5989	24
5990	26
5991	24
5992	22
5993	35
5994	31
5995	33
5996	32
5997	21
5998	24
5999	28
6000	23
6001	27
6002	21
6003	26
6004	24
6005	21
6006	25
6007	34
6008	24
6009	20
6010	30
6011	33
6012	7
6013	17
6014	24
6015	26
6016	19
6017	24
6018	23
6019	21
6020	15
6021	25
6022	16
6023	25
6024	24
6025	17
6026	29
6027	21
6028	28
6029	27
6030	28
6031	25
6032	28
6033	14
6034	32
6035	26
6036	22
6037	18
6038	30
6039	31
6040	24
6041	23
6042	25
6043	20
6044	16
6045	29
6046	23
6047	19
6048	21
6049	20
6050	27
6051	39
6052	31
6053	23
6054	22
6055	33
6056	26
6057	26
6058	26
6059	32
6060	21
6061	28
6062	22
6063	33
6064	34
6065	16
6066	23
6067	21
6068	31
6069	24
6070	27
6071	25
6072	16
6073	22
6074	29
6075	26
6076	14
6077	22
6078	23
6079	22
6080	31
6081	17
6082	23
6083	25
6084	30
6085	16
6086	14
6087	35
6088	18
6089	33
6090	16
6091	26
6092	22
6093	22
6094	16
6095	29
6096	20
6097	32
6098	29
6099	26
6100	30
6101	19
6102	21
6103	24
6104	26
6105	31
6106	18
6107	22
6108	19
6109	19
6110	32
6111	31
6112	22
6113	28
6114	11
6115	32
6116	26
6117	24
6118	37
6119	29
6120	22
6121	28
6122	15
6123	31
6124	25
6125	20
6126	19
6127	19
6128	25
6129	31
6130	17
6131	21
6132	22
6133	16
6134	22
6135	27
6136	28
6137	28
6138	36
6139	35
6140	24
6141	14
6142	19
6143	26
6144	29
6145	25
6146	28
6147	23
6148	28
6149	22
6150	31
6151	27
6152	20
6153	27
6154	23
6155	25
6156	22
6157	25
6158	31
6159	27
6160	26
6161	30
6162	17
6163	35
6164	24
6165	32
6166	30
6167	38
6168	35
6169	43
6170	78
6171	85
6172	119
6173	200
6174	309
6175	424
6176	604
6177	681
6178	703
6179	770
6180	693
6181	558
6182	441
6183	300
6184	176
6185	117
6186	68
6187	36
6188	22
6189	21
6190	23
6191	8
6192	16
6193	19
6194	21
6195	22
6196	24
6197	19
6198	13
6199	15
6200	14
6201	11
6202	23
6203	18
6204	14
6205	15
6206	9
6207	18
6208	22
6209	16
6210	11
6211	13
6212	15
6213	25
6214	17
6215	15
6216	15
6217	15
6218	16
6219	19
6220	17
6221	25
6222	20
6223	9
6224	12
6225	20
6226	17
6227	19
6228	13
6229	20
6230	13
6231	20
6232	23
6233	21
6234	21
6235	16
6236	20
6237	17
6238	21
6239	20
6240	9
6241	21
6242	11
6243	14
6244	15
6245	20
6246	18
6247	15
6248	16
6249	12
6250	16
6251	16
6252	20
6253	15
6254	22
6255	18
6256	23
6257	20
6258	12
6259	11
6260	23
6261	17
6262	21
6263	20
6264	14
6265	17
6266	16
6267	12
6268	16
6269	16
6270	13
6271	19
6272	17
6273	17
6274	20
6275	17
6276	16
6277	26
6278	17
6279	21
6280	20
6281	25
6282	17
6283	17
6284	28
6285	16
6286	17
6287	20
6288	13
6289	22
6290	11
6291	19
6292	15
6293	23
6294	27
6295	16
6296	25
6297	22
6298	20
6299	13
6300	11
6301	18
6302	15
6303	11
6304	20
6305	15
6306	16
6307	14
6308	18
6309	21
6310	23
6311	20
6312	16
6313	18
6314	24
6315	14
6316	22
6317	16
6318	21
6319	13
6320	18
6321	13
6322	21
6323	17
6324	23
6325	27
6326	22
6327	18
6328	20
6329	16
6330	19
6331	23
6332	14
6333	15
6334	14
6335	22
6336	23
6337	17
6338	14
6339	17
6340	16
6341	14
6342	20
6343	17
6344	19
6345	15
6346	21
6347	13
6348	23
6349	18
6350	25
6351	18
6352	24
6353	25
6354	19
6355	17
6356	22
6357	23
6358	26
6359	15
6360	23
6361	21
6362	23
6363	32
6364	18
6365	17
6366	16
6367	23
6368	16
6369	20
6370	20
6371	18
6372	14
6373	19
6374	19
6375	26
6376	17
6377	17
6378	11
6379	29
6380	17
6381	22
6382	28
6383	18
6384	13
6385	27
6386	19
6387	27
6388	18
6389	26
6390	20
6391	14
6392	18
6393	14
6394	18
6395	11
6396	9
6397	20
6398	23
6399	17
6400	15
6401	17
6402	21
6403	10
6404	21
6405	14
6406	22
6407	21
6408	12
6409	20
6410	16
6411	14
6412	23
6413	15
6414	17
6415	17
6416	17
6417	18
6418	9
6419	19
6420	23
6421	16
6422	15
6423	21
6424	15
6425	14
6426	18
6427	16
6428	10
6429	15
6430	21
6431	17
6432	20
6433	12
6434	15
6435	17
6436	26
6437	24
6438	19
6439	15
6440	16
6441	20
6442	18
6443	13
6444	22
6445	13
6446	20
6447	17
6448	20
6449	19
6450	14
6451	18
6452	21
6453	15
6454	12
6455	14
6456	17
6457	17
6458	16
6459	20
6460	16
6461	17
6462	17
6463	15
6464	20
6465	12
6466	16
6467	20
6468	13
6469	21
6470	12
6471	20
6472	23
6473	17
6474	18
6475	20
6476	22
6477	22
6478	13
6479	18
6480	16
6481	13
6482	15
6483	16
6484	22
6485	14
6486	19
6487	8
6488	16
6489	15
6490	16
6491	16
6492	20
6493	16
6494	15
6495	20
6496	13
6497	10
6498	20
6499	23
6500	15
6501	19
6502	17
6503	17
6504	21
6505	14
6506	17
6507	13
6508	14
6509	25
6510	19
6511	16
6512	9
6513	18
6514	9
6515	13
6516	20
6517	16
6518	22
6519	8
6520	15
6521	14
6522	13
6523	22
6524	16
6525	14
6526	27
6527	18
6528	16
6529	18
6530	13
6531	23
6532	14
6533	14
6534	14
6535	20
6536	16
6537	8
6538	16
6539	15
6540	18
6541	21
6542	15
6543	11
6544	16
6545	18
6546	20
6547	15
6548	11
6549	12
6550	21
6551	18
6552	10
6553	18
6554	19
6555	16
6556	10
6557	15
6558	15
6559	16
6560	15
6561	11
6562	15
6563	16
6564	8
6565	19
6566	13
6567	18
6568	17
6569	15
6570	21
6571	11
6572	13
6573	11
6574	19
6575	18
6576	14
6577	22
6578	13
6579	19
6580	15
6581	9
6582	12
6583	21
6584	22
6585	13
6586	19
6587	21
6588	22
6589	7
6590	20
6591	13
6592	19
6593	10
6594	11
6595	14
6596	15
6597	16
6598	12
6599	15
6600	21
6601	12
6602	18
6603	20
6604	11
6605	12
6606	25
6607	22
6608	17
6609	15
6610	22
6611	14
6612	11
6613	23
6614	15
6615	11
6616	21
6617	16
6618	20
6619	12
6620	14
6621	15
6622	16
6623	14
6624	10
6625	15
6626	10
6627	23
6628	8
6629	14
6630	15
6631	13
6632	18
6633	23
6634	23
6635	24
6636	14
6637	14
6638	13
6639	12
6640	14
6641	18
6642	17
6643	16
6644	15
6645	16
6646	16
6647	15
6648	17
6649	12
6650	10
6651	13
6652	23
6653	13
6654	17
6655	16
6656	15
6657	9
6658	18
6659	14
6660	20
6661	13
6662	14
6663	12
6664	15
6665	9
6666	19
6667	19
6668	11
6669	17
6670	14
6671	25
6672	13
6673	14
6674	16
6675	19
6676	14
6677	22
6678	22
6679	18
6680	20
6681	10
6682	13
6683	22
6684	10
6685	23
6686	18
6687	10
6688	14
6689	17
6690	13
6691	13
6692	13
6693	19
6694	26
6695	17
6696	16
6697	16
6698	19
6699	19
6700	17
6701	18
6702	17
6703	15
6704	11
6705	11
6706	11
6707	12
6708	16
6709	22
6710	20
6711	18
6712	15
6713	16
6714	20
6715	25
6716	23
6717	25
6718	21
6719	25
6720	18
6721	24
6722	14
6723	16
6724	12
6725	13
6726	13
6727	22
6728	18
6729	21
6730	26
6731	25
6732	32
6733	28
6734	31
6735	42
6736	46
6737	37
6738	27
6739	36
6740	30
6741	24
6742	20
6743	17
6744	21
6745	13
6746	17
6747	12
6748	16
6749	13
6750	13
6751	13
6752	16
6753	18
6754	10
6755	19
6756	15
6757	23
6758	15
6759	12
6760	13
6761	13
6762	11
6763	20
6764	16
6765	11
6766	14
6767	16
6768	17
6769	21
6770	12
6771	13
6772	25
6773	14
6774	15
6775	15
6776	23
6777	16
6778	13
6779	10
6780	20
6781	11
6782	17
6783	10
6784	12
6785	19
6786	30
6787	14
6788	13
6789	13
6790	10
6791	26
6792	13
6793	17
6794	13
6795	16
6796	12
6797	19
6798	12
6799	15
6800	15
6801	13
6802	11
6803	10
6804	15
6805	12
6806	10
6807	12
6808	24
6809	21
6810	16
6811	19
6812	16
6813	13
6814	12
6815	16
6816	14
6817	14
6818	11
6819	11
6820	12
6821	12
6822	16
6823	12
6824	11
6825	12
6826	7
6827	17
6828	8
6829	22
6830	14
6831	15
6832	22
6833	15
6834	19
6835	17
6836	13
6837	14
6838	10
6839	21
6840	21
6841	28
6842	7
6843	11
6844	16
6845	29
6846	15
6847	18
6848	12
6849	15
6850	20
6851	14
6852	11
6853	12
6854	22
6855	19
6856	13
6857	18
6858	18
6859	25
6860	17
6861	17
6862	19
6863	23
6864	18
6865	20
6866	17
6867	17
6868	17
6869	21
6870	10
6871	16
6872	12
6873	19
6874	21
6875	17
6876	18
6877	22
6878	17
6879	22
6880	20
6881	13
6882	18
6883	13
6884	16
6885	13
6886	15
6887	15
6888	13
6889	17
6890	19
6891	25
6892	17
6893	16
6894	12
6895	16
6896	19
6897	20
6898	18
6899	17
6900	26
6901	16
6902	19
6903	13
6904	14
6905	15
6906	16
6907	17
6908	16
6909	6
6910	15
6911	19
6912	12
6913	16
6914	12
6915	13
6916	12
6917	11
6918	18
6919	10
6920	12
6921	14
6922	19
6923	20
6924	19
6925	7
6926	16
6927	17
6928	11
6929	17
6930	16
6931	8
6932	16
6933	23
6934	17
6935	20
6936	16
6937	10
6938	18
6939	15
6940	17
6941	22
6942	16
6943	18
6944	12
6945	8
6946	14
6947	14
6948	13
6949	20
6950	11
6951	13
6952	11
6953	21
6954	13
6955	19
6956	9
6957	17
6958	9
6959	13
6960	17
6961	15
6962	13
6963	10
6964	17
6965	17
6966	21
6967	17
6968	19
6969	22
6970	13
6971	21
6972	10
6973	10
6974	19
6975	16
6976	10
6977	17
6978	17
6979	21
6980	14
6981	10
6982	12
6983	16
6984	16
6985	14
6986	17
6987	21
6988	21
6989	12
6990	15
6991	17
6992	15
6993	12
6994	19
6995	12
6996	25
6997	12
6998	18
6999	10
7000	14
7001	16
7002	10
7003	11
7004	17
7005	12
7006	14
7007	14
7008	16
7009	13
7010	13
7011	20
7012	17
7013	15
7014	10
7015	9
7016	14
7017	12
7018	19
7019	19
7020	15
7021	13
7022	19
7023	18
7024	13
7025	17
7026	16
7027	15
7028	17
7029	19
7030	11
7031	16
7032	14
7033	16
7034	22
7035	11
7036	8
7037	14
7038	18
7039	10
7040	22
7041	11
7042	11
7043	20
7044	10
7045	13
7046	9
7047	7
7048	11
7049	11
7050	19
7051	13
7052	19
7053	18
7054	14
7055	17
7056	13
7057	11
7058	16
7059	8
7060	12
7061	15
7062	15
7063	15
7064	18
7065	9
7066	22
7067	9
7068	19
7069	10
7070	10
7071	10
7072	16
7073	13
7074	22
7075	12
7076	17
7077	8
7078	12
7079	16
7080	19
7081	10
7082	17
7083	10
7084	18
7085	22
7086	15
7087	14
7088	17
7089	18
7090	13
7091	19
7092	16
7093	14
7094	13
7095	15
7096	15
7097	13
7098	18
7099	14
7100	20
7101	16
7102	9
7103	9
7104	11
7105	17
7106	16
7107	17
7108	10
7109	23
7110	19
7111	16
7112	16
7113	11
7114	21
7115	12
7116	11
7117	14
7118	14
7119	8
7120	12
7121	18
7122	16
7123	14
7124	9
7125	9
7126	14
7127	13
7128	13
7129	13
7130	13
7131	16
7132	12
7133	12
7134	14
7135	11
7136	12
7137	8
7138	17
7139	9
7140	16
7141	12
7142	15
7143	15
7144	5
7145	12
7146	13
7147	19
7148	12
7149	14
7150	15
7151	8
7152	20
7153	13
7154	15
7155	15
7156	16
7157	12
7158	21
7159	15
7160	18
7161	15
7162	12
7163	10
7164	9
7165	12
7166	9
7167	14
7168	13
7169	20
7170	17
7171	16
7172	18
7173	19
7174	17
7175	15
7176	12
7177	17
7178	11
7179	11
7180	15
7181	15
7182	13
7183	15
7184	10
7185	16
7186	15
7187	8
7188	14
7189	9
7190	11
7191	12
7192	17
7193	15
7194	12
7195	15
7196	14
7197	4
7198	12
7199	14
7200	21
7201	10
7202	9
7203	20
7204	10
7205	12
7206	11
7207	11
7208	8
7209	12
7210	19
7211	12
7212	12
7213	13
7214	9
7215	11
7216	10
7217	15
7218	7
7219	12
7220	10
7221	17
7222	11
7223	16
7224	12
7225	15
7226	14
7227	16
7228	20
7229	11
7230	10
7231	10
7232	19
7233	13
7234	18
7235	13
7236	16
7237	15
7238	13
7239	20
7240	14
7241	12
7242	15
7243	11
7244	9
7245	13
7246	13
7247	11
7248	13
7249	14
7250	13
7251	14
7252	15
7253	18
7254	15
7255	15
7256	9
7257	16
7258	13
7259	15
7260	14
7261	6
7262	15
7263	12
7264	10
7265	17
7266	16
7267	18
7268	10
7269	15
7270	12
7271	16
7272	19
7273	9
7274	18
7275	12
7276	4
7277	12
7278	9
7279	12
7280	12
7281	15
7282	22
7283	17
7284	8
7285	10
7286	11
7287	18
7288	16
7289	17
7290	17
7291	18
7292	15
7293	13
7294	11
7295	8
7296	17
7297	16
7298	11
7299	10
7300	7
7301	8
7302	12
7303	11
7304	15
7305	12
7306	15
7307	10
7308	21
7309	12
7310	13
7311	20
7312	16
7313	26
7314	20
7315	13
7316	14
7317	17
7318	19
7319	12
7320	24
7321	15
7322	7
7323	20
7324	14
7325	11
7326	9
7327	11
7328	6
7329	10
7330	17
7331	13
7332	17
7333	13
7334	8
7335	15
7336	12
7337	16
7338	15
7339	10
7340	12
7341	9
7342	10
7343	9
7344	9
7345	12
7346	15
7347	24
7348	7
7349	11
7350	24
7351	13
7352	18
7353	15
7354	9
7355	15
7356	17
7357	12
7358	12
7359	14
7360	15
7361	12
7362	14
7363	9
7364	9
7365	15
7366	9
7367	14
7368	10
7369	10
7370	13
7371	11
7372	9
7373	9
7374	12
7375	17
7376	13
7377	20
7378	11
7379	12
7380	12
7381	15
7382	13
7383	16
7384	10
7385	20
7386	20
7387	14
7388	17
7389	8
7390	8
7391	2
7392	17
7393	15
7394	12
7395	12
7396	12
7397	15
7398	10
7399	9
7400	8
7401	7
7402	17
7403	13
7404	14
7405	5
7406	13
7407	11
7408	17
7409	16
7410	9
7411	13
7412	15
7413	18
7414	18
7415	9
7416	14
7417	14
7418	11
7419	9
7420	10
7421	11
7422	18
7423	9
7424	12
7425	9
7426	5
7427	7
7428	12
7429	10
7430	15
7431	10
7432	15
7433	10
7434	14
7435	16
7436	10
7437	14
7438	16
7439	12
7440	10
7441	18
7442	9
7443	17
7444	10
7445	13
7446	10
7447	10
7448	17
7449	23
7450	6
7451	8
7452	6
7453	12
7454	15
7455	14
7456	22
7457	27
7458	23
7459	35
7460	44
7461	50
7462	66
7463	57
7464	59
7465	50
7466	45
7467	38
7468	26
7469	24
7470	20
7471	20
7472	10
7473	13
7474	14
7475	10
7476	14
7477	16
7478	16
7479	16
7480	6
7481	15
7482	12
7483	5
7484	16
7485	15
7486	10
7487	9
7488	16
7489	13
7490	14
7491	11
7492	9
7493	9
7494	12
7495	14
7496	20
7497	13
7498	15
7499	6
7500	14
7501	10
7502	19
7503	13
7504	10
7505	14
7506	16
7507	11
7508	11
7509	17
7510	12
7511	22
7512	13
7513	8
7514	15
7515	9
7516	15
7517	12
7518	13
7519	24
7520	13
7521	14
7522	9
7523	15
7524	12
7525	17
7526	10
7527	10
7528	15
7529	9
7530	10
7531	22
7532	10
7533	11
7534	15
7535	12
7536	8
7537	14
7538	12
7539	18
7540	15
7541	13
7542	12
7543	15
7544	16
7545	16
7546	5
7547	19
7548	12
7549	9
7550	11
7551	8
7552	7
7553	15
7554	9
7555	12
7556	17
7557	10
7558	9
7559	9
7560	11
7561	8
7562	7
7563	10
7564	10
7565	12
7566	11
7567	11
7568	12
7569	10
7570	15
7571	17
7572	17
7573	12
7574	10
7575	12
7576	9
7577	12
7578	8
7579	14
7580	20
7581	16
7582	12
7583	13
7584	18
7585	14
7586	13
7587	12
7588	12
7589	12
7590	14
7591	22
7592	15
7593	7
7594	15
7595	6
7596	10
7597	13
7598	10
7599	11
7600	13
7601	12
7602	6
7603	14
7604	10
7605	12
7606	9
7607	17
7608	13
7609	17
7610	11
7611	16
7612	7
7613	13
7614	16
7615	5
7616	10
7617	4
7618	15
7619	26
7620	6
7621	11
7622	12
7623	10
7624	15
7625	11
7626	6
7627	12
7628	12
7629	15
7630	14
7631	14
7632	8
7633	9
7634	10
7635	8
7636	11
7637	20
7638	14
7639	13
7640	14
7641	7
7642	6
7643	11
7644	15
7645	15
7646	12
7647	12
7648	16
7649	15
7650	8
7651	7
7652	8
7653	13
7654	16
7655	16
7656	10
7657	11
7658	22
7659	10
7660	12
7661	12
7662	14
7663	9
7664	10
7665	14
7666	7
7667	13
7668	13
7669	6
7670	10
7671	9
7672	11
7673	15
7674	9
7675	12
7676	16
7677	8
7678	18
7679	16
7680	12
7681	13
7682	18
7683	7
7684	13
7685	14
7686	16
7687	14
7688	10
7689	15
7690	6
7691	17
7692	17
7693	14
7694	8
7695	11
7696	13
7697	9
7698	20
7699	11
7700	16
7701	8
7702	8
7703	16
7704	18
7705	10
7706	11
7707	23
7708	16
7709	19
7710	8
7711	10
7712	13
7713	14
7714	14
7715	15
7716	13
7717	13
7718	15
7719	15
7720	11
7721	12
7722	9
7723	7
7724	12
7725	13
7726	14
7727	11
7728	14
7729	18
7730	11
7731	11
7732	12
7733	19
7734	8
7735	15
7736	9
7737	8
7738	19
7739	11
7740	6
7741	11
7742	21
7743	16
7744	8
7745	10
7746	16
7747	13
7748	9
7749	18
7750	7
7751	13
7752	8
7753	10
7754	13
7755	10
7756	11
7757	16
7758	6
7759	13
7760	13
7761	10
7762	15
7763	12
7764	14
7765	14
7766	11
7767	20
7768	12
7769	9
7770	13
7771	11
7772	9
7773	9
7774	18
7775	13
7776	13
7777	9
7778	16
7779	14
7780	8
7781	12
7782	14
7783	16
7784	14
7785	16
7786	11
7787	11
7788	12
7789	9
7790	11
7791	9
7792	7
7793	12
7794	14
7795	15
7796	13
7797	11
7798	9
7799	10
7800	15
7801	11
7802	10
7803	9
7804	13
7805	5
7806	17
7807	14
7808	17
7809	13
7810	18
7811	11
7812	15
7813	18
7814	14
7815	15
7816	11
7817	21
7818	8
7819	7
7820	8
7821	16
7822	16
7823	17
7824	13
7825	9
7826	15
7827	12
7828	17
7829	12
7830	6
7831	10
7832	8
7833	9
7834	10
7835	14
7836	10
7837	17
7838	10
7839	8
7840	15
7841	16
7842	8
7843	9
7844	7
7845	14
7846	12
7847	10
7848	9
7849	13
7850	15
7851	12
7852	8
7853	11
7854	9
7855	18
7856	9
7857	6
7858	9
7859	13
7860	12
7861	11
7862	21
7863	7
7864	11
7865	9
7866	12
7867	16
7868	16
7869	12
7870	15
7871	8
7872	15
7873	12
7874	16
7875	8
7876	13
7877	17
7878	16
7879	8
7880	10
7881	9
7882	11
7883	12
7884	15
7885	14
7886	8
7887	15
7888	13
7889	16
7890	18
7891	19
7892	7
7893	6
7894	6
7895	10
7896	13
7897	11
7898	15
7899	14
7900	7
7901	21
7902	9
7903	18
7904	15
7905	10
7906	11
7907	11
7908	9
7909	7
7910	15
7911	10
7912	12
7913	10
7914	9
7915	12
7916	16
7917	11
7918	9
7919	11
7920	12
7921	8
7922	4
7923	7
7924	12
7925	10
7926	13
7927	9
7928	14
7929	13
7930	5
7931	5
7932	8
7933	10
7934	11
7935	8
7936	14
7937	7
7938	14
7939	11
7940	8
7941	13
7942	11
7943	18
7944	11
7945	10
7946	5
7947	11
7948	20
7949	6
7950	4
7951	9
7952	10
7953	10
7954	13
7955	12
7956	12
7957	12
7958	14
7959	13
7960	6
7961	11
7962	14
7963	12
7964	5
7965	11
7966	9
7967	14
7968	13
7969	16
7970	14
7971	7
7972	10
7973	17
7974	8
7975	5
7976	11
7977	13
7978	15
7979	15
7980	8
7981	18
7982	9
7983	18
7984	10
7985	19
7986	5
7987	13
7988	11
7989	9
7990	11
7991	17
7992	7
7993	14
7994	12
7995	9
7996	9
7997	7
7998	15
7999	22
8000	9
8001	12
8002	8
8003	16
8004	11
8005	12
8006	17
8007	11
8008	11
8009	8
8010	15
8011	12
8012	16
8013	11
8014	18
8015	10
8016	18
8017	8
8018	10
8019	11
8020	15
8021	12
8022	6
8023	12
8024	6
8025	9
8026	13
8027	14
8028	10
8029	16
8030	16
8031	16
8032	15
8033	10
8034	10
8035	10
8036	9
8037	14
8038	9
8039	15
8040	12
8041	8
8042	6
8043	8
8044	14
8045	7
8046	10
8047	11
8048	16
8049	10
8050	14
8051	17
8052	18
8053	15
8054	9
8055	9
8056	15
8057	11
8058	12
8059	16
8060	9
8061	10
8062	13
8063	9
8064	6
8065	13
8066	8
8067	11
8068	12
8069	9
8070	10
8071	8
8072	10
8073	13
8074	15
8075	13
8076	11
8077	13
8078	22
8079	9
8080	16
8081	17
8082	16
8083	13
8084	12
8085	13
8086	11
8087	9
8088	8
8089	11
8090	9
8091	12
8092	9
8093	13
8094	11
8095	11
8096	17
8097	8
8098	9
8099	15
8100	10
8101	14
8102	12
8103	11
8104	13
8105	8
8106	11
8107	14
8108	12
8109	7
8110	14
8111	8
8112	12
8113	12
8114	23
8115	14
8116	9
8117	10
8118	12
8119	12
8120	14
8121	15
8122	8
8123	9
8124	17
8125	5
8126	12
8127	5
8128	10
8129	15
8130	15
8131	8
8132	11
8133	13
8134	10
8135	15
8136	7
8137	10
8138	11
8139	13
8140	12
8141	17
8142	12
8143	12
8144	24
8145	15
8146	5
8147	13
8148	5
8149	8
8150	9
8151	14
8152	12
8153	15
8154	13
8155	11
8156	16
8157	18
8158	13
8159	13
8160	7
8161	15
8162	6
8163	16
8164	9
8165	10
8166	13
8167	16
8168	9
8169	12
8170	11
8171	13
8172	14
8173	12
8174	14
8175	14
8176	12
8177	12
8178	12
8179	9
8180	10
8181	12
8182	17
8183	8
8184	7
8185	17
8186	6
8187	13
8188	11
8189	11
8190	6
8191	12
8192	9
