6166.0000 104.284731 104.249015 0.035716
6166.1307 103.936802 103.892879 0.043923
6166.2613 103.590641 103.536744 0.053897
6166.3920 103.246602 103.180608 0.065994
6166.5226 102.905103 102.824472 0.080631
6166.6533 102.566636 102.468336 0.098300
6166.7839 102.231782 102.112201 0.119582
6166.9146 101.901220 101.756065 0.145155
6167.0452 101.575746 101.399929 0.175817
6167.1759 101.256287 101.043794 0.212494
6167.3065 100.943922 100.687658 0.256265
6167.4372 100.639905 100.331522 0.308383
6167.5678 100.345682 99.975386 0.370296
6167.6985 100.062927 99.619251 0.443676
6167.8291 99.793561 99.263115 0.530446
6167.9598 99.539790 98.906979 0.632811
6168.0905 99.304138 98.550844 0.753295
6168.2211 99.089483 98.194708 0.894775
6168.3518 98.899097 97.838572 1.060525
6168.4824 98.736692 97.482436 1.254256
6168.6131 98.606462 97.126301 1.480161
6168.7437 98.513135 96.770165 1.742970
6168.8744 98.462025 96.414029 2.047995
6169.0050 98.459080 96.057893 2.401187
6169.1357 98.510946 95.701758 2.809189
6169.2663 98.625018 95.345622 3.279396
6169.3970 98.809499 94.989486 3.820012
6169.5276 99.073460 94.633351 4.440110
6169.6583 99.426899 94.277215 5.149684
6169.7889 99.880794 93.921079 5.959715
6169.9196 100.447161 93.564943 6.882218
6170.0503 101.139102 93.208808 7.930294
6170.1809 101.970852 92.852672 9.118180
6170.3116 102.957821 92.496536 10.461285
6170.4422 104.116624 92.140401 11.976224
6170.5729 105.465104 91.784265 13.680839
6170.7035 107.022347 91.428129 15.594217
6170.8342 108.808677 91.071993 17.736684
6170.9648 110.845648 90.715858 20.129790
6171.0955 113.156006 90.359722 22.796284
6171.2261 115.763646 90.003586 25.760059
6171.3568 118.693539 89.647451 29.046089
6171.4874 121.971646 89.291315 32.680331
6171.6181 125.624800 88.935179 36.689621
6171.7487 129.680574 88.579043 41.101530
6171.8794 134.167114 88.222908 45.944206
6172.0101 139.112953 87.866772 51.246181
6172.1407 144.546792 87.510636 57.036156
6172.2714 150.497260 87.154501 63.342759
6172.4020 156.992641 86.798365 70.194276
6172.5327 164.060581 86.442229 77.618352
6172.6633 171.727762 86.086093 85.641669
6172.7940 180.019563 85.729958 94.289606
6172.9246 188.959689 85.373822 103.585867
6173.0553 198.569790 85.017686 113.552104
6173.1859 208.869060 84.661550 124.207510
6173.3166 219.873828 84.305415 135.568414
6173.4472 231.597142 83.949279 147.647863
6173.5779 244.048348 83.593143 160.455204
6173.7085 257.232678 83.237008 173.995670
6173.8392 271.150847 82.880872 188.269975
6173.9698 285.798664 82.524736 203.273928
6174.1005 301.166669 82.168600 218.998069
6174.2312 317.239797 81.812465 235.427333
6174.3618 333.997081 81.456329 252.540752
6174.4925 351.411398 81.100193 270.311205
6174.6231 369.449265 80.744058 288.705208
6174.7538 388.070693 80.387922 307.682771
6174.8844 407.229100 80.031786 327.197314
6175.0151 426.871298 79.675650 347.195647
6175.1457 446.937546 79.319515 367.618032
6175.2764 467.361687 78.963379 388.398308
6175.4070 488.071356 78.607243 409.464113
6175.5377 508.988278 78.251108 430.737170
6175.6683 530.028640 77.894972 452.133668
6175.7990 551.103551 77.538836 473.564715
6175.9296 572.119578 77.182700 494.936878
6176.0603 592.979361 76.826565 516.152796
6176.1910 613.582293 76.470429 537.111864
6176.3216 633.825276 76.114293 557.710982
6176.4523 653.603529 75.758158 577.845372
6176.5829 672.811451 75.402022 597.409429
6176.7136 691.343515 75.045886 616.297629
6176.8442 709.095211 74.689750 634.405461
6176.9749 725.963987 74.333615 651.630373
6177.1055 741.850216 73.977479 667.872738
6177.2362 756.658145 73.621343 683.036802
6177.3668 770.296833 73.265207 697.031626
6177.4975 782.681056 72.909072 709.771984
6177.6281 793.732172 72.552936 721.179236
6177.7588 803.378926 72.196800 731.182125
6177.8894 811.558191 71.840665 739.717527
6178.0201 818.215634 71.484529 746.731106
6178.1508 823.306290 71.128393 752.177897
6178.2814 826.795039 70.772257 756.022782
6178.4121 828.656991 70.416122 758.240869
6178.5427 828.877746 70.059986 758.817760
6178.6734 827.453554 69.703850 757.749703
6178.8040 824.391356 69.347715 755.043641
6178.9347 819.708707 68.991579 750.717128
6179.0653 813.433587 68.635443 744.798144
6179.1960 805.604101 68.279307 737.324793
6179.3266 796.268067 67.923172 728.344895
6179.4573 785.482511 67.567036 717.915475
6179.5879 773.313060 67.210900 706.102159
6179.7186 759.833256 66.854765 692.978492
6179.8492 745.123797 66.498629 678.625168
6179.9799 729.271705 66.142493 663.129212
6180.1106 712.369456 65.786357 646.583099
6180.2412 694.514060 65.430222 629.083838
6180.3719 675.806118 65.074086 610.732032
6180.5025 656.348866 64.717950 591.630915
6180.6332 636.247218 64.361815 571.885404
6180.7638 615.606819 64.005679 551.601140
6180.8945 594.533119 63.649543 530.883576
6181.0251 573.130483 63.293407 509.837076
6181.1558 551.501348 62.937272 488.564076
6181.2864 529.745426 62.581136 467.164290
6181.4171 507.958972 62.225000 445.733972
6181.5477 486.234125 61.868864 424.365260
6181.6784 464.658310 61.512729 403.145581
6181.8090 443.313730 61.156593 382.157137
6181.9397 422.276931 60.800457 361.476473
6182.0704 401.618449 60.444322 341.174127
6182.2010 381.402544 60.088186 321.314358
6182.3317 361.687009 59.732050 301.954959
6182.4623 342.523063 59.375914 283.147148
6182.5930 323.955311 59.019779 264.935532
6182.7236 306.021788 58.663643 247.358145
6182.8543 288.754059 58.307507 230.446552
6182.9849 272.177383 57.951372 214.226012
6183.1156 256.310937 57.595236 198.715701
6183.2462 241.168076 57.239100 183.928976
6183.3769 226.756652 56.882964 169.873688
6183.5075 213.079351 56.526829 156.552522
6183.6382 200.134065 56.170693 143.963372
6183.7688 187.914292 55.814557 132.099735
6183.8995 176.409535 55.458422 120.951114
6184.0302 165.605723 55.102286 110.503438
6184.1608 155.485628 54.746150 100.739478
6184.2915 146.029279 54.390014 91.639264
6184.4221 137.214370 54.033879 83.180492
6184.5528 129.016658 53.677743 75.338915
6184.6834 121.410337 53.321607 68.088730
6184.8141 114.368402 52.965472 61.402930
6184.9447 107.862983 52.609336 55.253647
6185.0754 101.865664 52.253200 49.612464
6185.2060 96.347767 51.897064 44.450702
6185.3367 91.280617 51.540929 39.739688
6185.4673 86.635775 51.184793 35.450982
6185.5980 82.385248 50.828657 31.556591
6185.7286 78.501668 50.472521 28.029147
6185.8593 74.958449 50.116386 24.842063
6185.9899 71.729916 49.760250 21.969666
6186.1206 68.791409 49.404114 19.387295
6186.2513 66.119372 49.047979 17.071394
6186.3819 63.691410 48.691843 14.999567
6186.5126 61.486335 48.335707 13.150628
6186.6432 59.484190 47.979571 11.504618
6186.7739 57.666262 47.623436 10.042826
6186.9045 56.015076 47.267300 8.747776
6187.0352 54.514381 46.911164 7.603217
6187.1658 53.149122 46.555029 6.594093
6187.2965 51.905405 46.198893 5.706512
6187.4271 50.770459 45.842757 4.927702
6187.5578 49.732583 45.486621 4.245962
6187.6884 48.781098 45.130486 3.650613
6187.8191 47.906290 44.774350 3.131940
6187.9497 47.099352 44.418214 2.681137
6188.0804 46.352328 44.062079 2.290249
6188.2111 45.658053 43.705943 1.952110
6188.3417 45.010097 43.349807 1.660290
6188.4724 44.402706 42.993671 1.409034
6188.6030 43.830746 42.637536 1.193211
6188.7337 43.289656 42.281400 1.008256
6188.8643 42.775388 41.925264 0.850124
6188.9950 42.284369 41.569129 0.715240
6189.1256 41.813446 41.212993 0.600454
6189.2563 41.359854 40.856857 0.502997
6189.3869 40.921166 40.500721 0.420444
6189.5176 40.495265 40.144586 0.350679
6189.6482 40.080307 39.788450 0.291857
6189.7789 39.674689 39.432314 0.242375
6189.9095 39.277024 39.076178 0.200846
6190.0402 38.886115 38.720043 0.166072
6190.1709 38.500928 38.363907 0.137021
6190.3015 38.120579 38.007771 0.112807
6190.4322 37.744307 37.651636 0.092671
6190.5628 37.371464 37.295500 0.075964
6190.6935 37.001499 36.939364 0.062135
6190.8241 36.633941 36.583228 0.050712
6190.9548 36.268393 36.227093 0.041300
6191.0854 35.904519 35.870957 0.033562
6191.2161 35.542036 35.514821 0.027215
6191.3467 35.180706 35.158686 0.022020
6191.4774 34.820328 34.802550 0.017778
6191.6080 34.460737 34.446414 0.014323
6191.7387 34.101792 34.090278 0.011514
6191.8693 33.743378 33.734143 0.009235
6192.0000 33.385399 33.378007 0.007392
