#ch_global y_total y_bg y_gaussian
430.0000 363.326292 362.945605 0.380687
430.3618 362.533991 362.088865 0.445126
430.7236 361.751819 361.232126 0.519694
431.0854 360.981231 360.375386 0.605845
431.4472 360.223867 359.518647 0.705220
431.8090 359.481574 358.661907 0.819667
432.1709 358.756428 357.805168 0.951261
432.5327 358.050757 356.948428 1.102329
432.8945 357.367165 356.091688 1.275477
433.2563 356.708561 355.234949 1.473613
433.6181 356.078188 354.378209 1.699979
433.9799 355.479652 353.521470 1.958183
434.3417 354.916958 352.664730 2.252228
434.7035 354.394541 351.807990 2.586550
435.0653 353.917305 350.951251 2.966054
435.4271 353.490659 350.094511 3.396148
435.7889 353.120559 349.237772 3.882787
436.1508 352.813546 348.381032 4.432514
436.5126 352.576790 347.524293 5.052498
436.8744 352.418132 346.667553 5.750579
437.2362 352.346128 345.810813 6.535315
437.5980 352.370094 344.954074 7.416021
437.9598 352.500150 344.097334 8.402815
438.3216 352.747260 343.240595 9.506665
438.6834 353.123280 342.383855 10.739425
439.0452 353.640998 341.527116 12.113882
439.4070 354.314169 340.670376 13.643793
439.7688 355.157559 339.813636 15.343923
440.1307 356.186971 338.956897 17.230074
440.4925 357.419278 338.100157 19.319121
440.8543 358.872448 337.243418 21.629031
441.2161 360.565561 336.386678 24.178883
441.5779 362.518819 335.529939 26.988881
441.9397 364.753557 334.673199 30.080358
442.3015 367.292231 333.816459 33.475771
442.6633 370.158412 332.959720 37.198692
443.0251 373.376757 332.102980 41.273777
443.3869 376.972981 331.246241 45.726740
443.7487 380.973801 330.389501 50.584300
444.1106 385.406884 329.532761 55.874123
444.4724 390.300771 328.676022 61.624750
444.8342 395.684789 327.819282 67.865506
445.1960 401.588944 326.962543 74.626401
445.5578 408.043806 326.105803 81.938003
445.9196 415.080373 325.249064 89.831309
446.2814 422.729913 324.392324 98.337589
446.6432 431.023803 323.535584 107.488218
447.0050 439.993331 322.678845 117.314487
447.3668 449.669505 321.822105 127.847400
447.7286 460.082824 320.965366 139.117458
448.0905 471.263042 320.108626 151.154416
448.4523 483.238925 319.251887 163.987039
448.8141 496.037977 318.395147 177.642830
449.1759 509.686164 317.538407 192.147756
449.5377 524.207626 316.681668 207.525958
449.8995 539.624378 315.824928 223.799450
450.2613 555.955999 314.968189 240.987810
450.6231 573.219324 314.111449 259.107875
450.9849 591.428127 313.254709 278.173417
451.3467 610.592803 312.397970 298.194833
451.7085 630.720061 311.541230 319.178830
452.0704 651.812609 310.684491 341.128118
452.4322 673.868865 309.827751 364.041113
452.7940 696.882664 308.971012 387.911652
453.1558 720.842993 308.114272 412.728721
453.5176 745.733742 307.257532 438.476209
453.8794 771.533471 306.400793 465.132678
454.2412 798.215220 305.544053 492.671167
454.6030 825.746330 304.687314 521.059017
454.9648 854.088315 303.830574 550.257741
455.3266 883.196756 302.973835 580.222921
455.6884 913.021248 302.117095 610.904153
456.0503 943.505381 301.260355 642.245026
456.4121 974.586771 300.403616 674.183155
456.7739 1006.197132 299.546876 706.650256
457.1357 1038.262407 298.690137 739.572270
457.4975 1070.702941 297.833397 772.869544
457.8593 1103.433710 296.976658 806.457052
458.2211 1136.364595 296.119918 840.244677
458.5829 1169.400718 295.263178 874.137539
458.9447 1202.442818 294.406439 908.036379
459.3065 1235.387683 293.549699 941.837983
459.6683 1268.128622 292.692960 975.435662
460.0302 1300.555992 291.836220 1008.719772
460.3920 1332.557756 290.979480 1041.578276
460.7538 1364.020086 290.122741 1073.897345
461.1156 1394.827993 289.266001 1105.561992
461.4774 1424.865995 288.409262 1136.456734
461.8392 1454.018801 287.552522 1166.466279
462.2010 1482.172015 286.695783 1195.476233
462.5628 1509.212856 285.839043 1223.373813
462.9246 1535.030878 284.982303 1250.048574
463.2864 1559.518696 284.125564 1275.393132
463.6482 1582.572702 283.268824 1299.303877
464.0101 1604.093766 282.412085 1321.681681
464.3719 1623.987921 281.555345 1342.432576
464.7337 1642.167019 280.698606 1361.468413
465.0955 1658.549350 279.841866 1378.707484
465.4573 1673.060231 278.985126 1394.075105
465.8191 1685.632543 278.128387 1407.504157
466.1809 1696.207218 277.271647 1418.935571
466.5427 1704.733672 276.414908 1428.318764
466.9045 1711.170179 275.558168 1435.612011
467.2663 1715.484178 274.701428 1440.782749
467.6281 1717.652518 273.844689 1443.807830
467.9899 1717.661630 272.987949 1444.673681
468.3518 1715.507625 272.131210 1443.376416
468.7136 1711.196328 271.274470 1439.921858
469.0754 1704.743230 270.417731 1434.325500
469.4372 1696.173377 269.560991 1426.612386
469.7990 1685.521178 268.704251 1416.816927
470.1608 1672.830154 267.847512 1404.982642
470.5226 1658.152613 266.990772 1391.161841
470.8844 1641.549266 266.134033 1375.415233
471.2462 1623.088782 265.277293 1357.811489
471.6080 1602.847291 264.420554 1338.426737
471.9698 1580.907833 263.563814 1317.344019
472.3317 1557.359771 262.707074 1294.652696
472.6935 1532.298153 261.850335 1270.447818
473.0553 1505.823059 260.993595 1244.829464
473.4171 1478.038907 260.136856 1217.902051
473.7789 1449.053750 259.280116 1189.773634
474.1407 1418.978558 258.423376 1160.555181
474.5025 1387.926491 257.566637 1130.359854
474.8643 1356.012181 256.709897 1099.302283
475.2261 1323.351013 255.853158 1067.497855
475.5879 1290.058426 254.996418 1035.062008
475.9497 1256.249228 254.139679 1002.109549
476.3116 1222.036939 253.282939 968.754000
476.6734 1187.533166 252.426199 935.106966
477.0352 1152.847006 251.569460 901.277547
477.3970 1118.084497 250.712720 867.371777
477.7588 1083.348099 249.855981 833.492118
478.1206 1048.736231 248.999241 799.736990
478.4824 1014.342851 248.142502 766.200349
478.8442 980.257085 247.285762 732.971323
479.2060 946.562906 246.429022 700.133884
479.5678 913.338871 245.572283 667.766588
479.9296 880.657897 244.715543 635.942354
480.2915 848.587099 243.858804 604.728296
480.6533 817.187676 243.002064 574.185612
481.0151 786.514841 242.145325 544.369516
481.3769 756.617800 241.288585 515.329215
481.7387 727.539784 240.431845 487.107938
482.1005 699.318106 239.575106 459.743000
482.4623 671.984277 238.718366 433.265910
482.8241 645.564141 237.861627 407.702514
483.1859 620.078056 237.004887 383.073169
483.5477 595.541099 236.148147 359.392952
483.9095 571.963294 235.291408 336.671886
484.2714 549.349869 234.434668 314.915201
484.6332 527.701528 233.577929 294.123600
484.9950 507.014740 232.721189 274.293551
485.3568 487.282035 231.864450 255.417586
485.7186 468.492320 231.007710 237.484610
486.0804 450.631184 230.150970 220.480214
486.4422 433.681220 229.294231 204.386990
486.8040 417.622339 228.437491 189.184847
487.1658 402.432076 227.580752 174.851324
487.5276 388.085905 226.724012 161.361893
487.8894 374.557528 225.867273 148.690256
488.2513 361.819169 225.010533 136.808636
488.6131 349.841845 224.153793 125.688051
488.9749 338.595631 223.297054 115.298577
489.3367 328.049910 222.440314 105.609596
489.6985 318.173601 221.583575 96.590027
490.0603 308.935382 220.726835 88.208547
490.4221 300.303884 219.870095 80.433789
490.7839 292.247880 219.013356 73.234524
491.1457 284.736445 218.156616 66.579828
491.5075 277.739111 217.299877 60.439235
491.8693 271.225999 216.443137 54.782862
492.2312 265.167931 215.586398 49.581533
492.5930 259.536534 214.729658 44.806876
492.9548 254.304325 213.872918 40.431407
493.3166 249.444782 213.016179 36.428603
493.6784 244.932398 212.159439 32.772959
494.0402 240.742731 211.302700 29.440031
494.4020 236.852431 210.445960 26.406471
494.7638 233.239263 209.589221 23.650043
495.1256 229.882120 208.732481 21.149639
495.4874 226.761024 207.875741 18.885282
495.8492 223.857117 207.019002 16.838115
496.2111 221.152653 206.162262 14.990391
496.5729 218.630973 205.305523 13.325450
496.9347 216.276483 204.448783 11.827700
497.2965 214.074624 203.592044 10.482581
497.6583 212.011834 202.735304 9.276531
498.0201 210.075517 201.878564 8.196953
498.3819 208.253997 201.021825 7.232172
498.7437 206.536480 200.165085 6.371395
499.1055 204.913013 199.308346 5.604667
499.4673 203.374433 198.451606 4.922827
499.8291 201.912331 197.594866 4.317465
500.1910 200.519003 196.738127 3.780877
500.5528 199.187409 195.881387 3.306021
500.9146 197.911126 195.024648 2.886478
501.2764 196.684313 194.167908 2.516404
501.6382 195.501663 193.311169 2.190494
502.0000 194.358368 192.454429 1.903939
