$SPEC_ID:
No sample description was entered.
$SPEC_REM:
DET# 1
DETDESC# DESKTOP-O6FC97D Easy-MCA-8k SN 22053937
AP# Maestro Version 7.01
$DATE_MEA:
05/11/2024 09:40:14
$MEAS_TIM:
6375 6438
$DATA:
0 511
       0
       0
    6176
    5202
    5524
    6035
    6445
    6870
    7917
    8563
    8981
    9638
    9873
   10420
   11410
   12508
   14203
   16466
   18572
   21616
   24919
   28019
   30969
   33648
   36727
   39785
   41933
   43071
   43678
   43417
   43977
   44067
   44344
   43387
   42940
   42182
   41983
   41065
   40013
   39910
   38633
   37860
   37283
   36352
   35757
   34813
   34029
   32943
   31797
   30849
   30213
   29074
   28494
   27650
   26867
   26208
   25583
   24889
   24340
   23826
   23171
   22657
   22053
   21708
   21128
   20328
   20185
   19702
   19088
   18701
   18106
   17824
   17153
   17007
   16635
   16508
   16449
   16365
   16206
   15711
   15052
   14443
   13647
   12979
   12352
   11736
   11196
   11188
   10766
   10315
   10182
   10203
    9739
    9655
    9597
    9393
    9013
    8863
    8697
    8602
    8147
    7870
    7612
    7407
    7209
    7256
    6932
    6911
    6898
    6716
    6919
    6914
    6846
    6838
    6671
    6654
    6298
    6177
    5939
    5661
    5282
    5203
    4983
    4914
    4476
    4547
    4290
    4335
    4164
    4118
    4102
    4020
    3977
    3932
    3835
    3792
    3773
    3703
    3590
    3567
    3558
    3470
    3394
    3359
    3382
    3370
    3280
    3219
    3226
    3191
    3097
    3092
    3052
    2988
    3119
    3129
    3013
    3001
    3170
    3141
    3182
    3165
    3231
    3340
    3291
    3425
    3447
    3284
    3228
    3106
    3052
    2908
    2746
    2668
    2528
    2426
    2537
    2258
    2247
    2330
    2273
    2268
    2339
    2352
    2275
    2475
    2528
    2521
    2598
    2505
    2711
    2718
    2683
    2689
    2639
    2660
    2613
    2571
    2379
    2306
    2413
    2203
    2172
    2014
    1961
    1815
    1737
    1730
    1605
    1641
    1600
    1652
    1517
    1533
    1484
    1430
    1437
    1482
    1487
    1494
    1402
    1438
    1440
    1314
    1408
    1436
    1388
    1359
    1350
    1379
    1422
    1375
    1419
    1432
    1385
    1410
    1336
    1343
    1301
    1324
    1346
    1293
    1332
    1343
    1318
    1297
    1282
    1303
    1293
    1304
    1267
    1289
    1297
    1208
    1223
    1206
    1162
    1174
    1189
    1143
    1180
    1087
    1127
    1066
    1141
    1129
    1105
    1108
    1065
    1088
    1058
    1060
    1067
    1049
    1052
    1089
    1047
    1045
    1054
    1091
    1026
    1063
    1034
    1067
    1102
    1041
    1062
    1156
    1154
    1178
    1117
    1187
    1204
    1189
    1213
    1164
    1162
    1170
    1106
    1045
    1079
    1079
    1084
    1060
    1080
    1090
    1070
    1034
    1011
    1073
    1060
    1007
    1037
    1049
     942
     964
     947
    1000
     964
     896
     912
     864
     851
     844
     775
     787
     773
     785
     798
     789
     788
     779
     753
     757
     735
     779
     773
     749
     750
     761
     747
     699
     742
     734
     716
     776
     756
     785
     760
     766
     885
     794
     854
     786
     866
     837
     798
     901
     868
     813
     853
     803
     778
     854
     890
     835
     761
     797
     830
     757
     752
     795
     784
     778
     787
     723
     699
     720
     720
     673
     659
     723
     675
     645
     661
     658
     644
     591
     615
     591
     604
     582
     577
     602
     654
     565
     540
     597
     568
     566
     581
     549
     569
     551
     519
     519
     517
     555
     480
     496
     500
     505
     484
     473
     437
     423
     428
     394
     444
     349
     386
     397
     357
     380
     341
     338
     306
     325
     360
     337
     338
     344
     363
     334
     362
     340
     346
     317
     338
     326
     355
     320
     364
     374
     382
     455
     448
     464
     497
     583
     570
     606
     680
     853
     832
     917
    1023
    1170
    1181
    1281
    1440
    1503
    1558
    1540
    1668
    1651
    1710
    1743
    1650
    1681
    1648
    1489
    1491
    1414
    1358
    1254
    1201
    1075
     979
     866
     796
     744
     613
     589
     492
     484
     387
     358
     293
     272
     268
     243
     212
     198
     207
     168
     167
     179
     159
     154
     135
     160
     151
     152
       0
       0
       0
       0
       0
       0
       0
       0
$ROI:
1
366 510
$PRESETS:
None
0
0
$ENER_FIT:
0.000000 0.999990
$MCA_CAL:
3
0.000000E+000 9.999902E-001 0.000000E+000 keV
$SHAPE_CAL:
3
2.557346E+001 0.000000E+000 0.000000E+000
